20
0.0 0.267400767473601 0.24592244465597912 2.908531707900722 0.716294742960166 0.7458126760327137 0.7458126760327137 1.2126266673477677 0.623104443341443 0.24592244465597912 1.9234685915116763 0.4372528545356176 2.1489795046791134 2.449737961050245 0.24592244465597912 0.267400767473601 1.6745630182841607 0.24592244465597912 1.0607422841783554 0.267400767473601
0.267400767473601 0.0 1.6745630182841607 0.623104443341443 0.2447660345153717 2.908531707900722 1.0607422841783554 0.06504532378493755 2.908531707900722 0.267400767473601 1.9234685915116763 2.449737961050245 0.5591942140001835 0.7458126760327137 0.267400767473601 0.06504532378493755 1.6745630182841607 0.267400767473601 2.908531707900722 0.623104443341443
0.24592244465597912 1.6745630182841607 0.0 0.623104443341443 1.2126266673477677 0.716294742960166 2.1489795046791134 1.8487095052505225 1.2126266673477677 1.3688237138342847 0.2447660345153717 0.4372528545356176 1.6745630182841607 1.2126266673477677 1.6745630182841607 2.449737961050245 1.2126266673477677 1.6745630182841607 2.908531707900722 0.5591942140001835
2.908531707900722 0.623104443341443 0.623104443341443 0.0 0.2447660345153717 1.252868090765165 0.267400767473601 1.9234685915116763 2.449737961050245 1.252868090765165 0.267400767473601 1.8487095052505225 1.6745630182841607 0.626308624972573 2.1489795046791134 2.449737961050245 0.716294742960166 0.623104443341443 2.908531707900722 0.06504532378493755
0.716294742960166 0.2447660345153717 1.2126266673477677 0.2447660345153717 0.0 1.3688237138342847 1.8487095052505225 1.2126266673477677 0.5591942140001835 0.4372528545356176 2.908531707900722 2.1489795046791134 0.623104443341443 0.06504532378493755 1.3688237138342847 0.06504532378493755 0.24592244465597912 0.623104443341443 1.8487095052505225 0.06504532378493755
0.7458126760327137 2.908531707900722 0.716294742960166 1.252868090765165 1.3688237138342847 0.0 2.449737961050245 2.1489795046791134 0.4372528545356176 1.3688237138342847 0.4372528545356176 0.24592244465597912 1.0607422841783554 1.6745630182841607 1.0607422841783554 0.2447660345153717 2.449737961050245 0.5591942140001835 0.24592244465597912 0.4372528545356176
0.7458126760327137 1.0607422841783554 2.1489795046791134 0.267400767473601 1.8487095052505225 2.449737961050245 0.0 1.6745630182841607 1.9234685915116763 0.2447660345153717 0.4372528545356176 1.3688237138342847 0.06504532378493755 0.24592244465597912 2.1489795046791134 0.626308624972573 0.4372528545356176 0.06504532378493755 0.716294742960166 1.9234685915116763
1.2126266673477677 0.06504532378493755 1.8487095052505225 1.9234685915116763 1.2126266673477677 2.1489795046791134 1.6745630182841607 0.0 0.716294742960166 2.908531707900722 1.9234685915116763 1.3688237138342847 0.716294742960166 0.06504532378493755 0.5591942140001835 0.24592244465597912 0.623104443341443 1.6745630182841607 0.2447660345153717 1.6745630182841607
0.623104443341443 2.908531707900722 1.2126266673477677 2.449737961050245 0.5591942140001835 0.4372528545356176 1.9234685915116763 0.716294742960166 0.0 1.9234685915116763 0.267400767473601 1.3688237138342847 0.24592244465597912 0.626308624972573 1.6745630182841607 0.06504532378493755 0.7458126760327137 1.2126266673477677 1.9234685915116763 2.449737961050245
0.24592244465597912 0.267400767473601 1.3688237138342847 1.252868090765165 0.4372528545356176 1.3688237138342847 0.2447660345153717 2.908531707900722 1.9234685915116763 0.0 0.716294742960166 0.24592244465597912 0.5591942140001835 0.06504532378493755 0.267400767473601 2.449737961050245 1.6745630182841607 1.9234685915116763 1.0607422841783554 0.623104443341443
1.9234685915116763 1.9234685915116763 0.2447660345153717 0.267400767473601 2.908531707900722 0.4372528545356176 0.4372528545356176 1.9234685915116763 0.267400767473601 0.716294742960166 0.0 0.7458126760327137 1.9234685915116763 0.716294742960166 0.24592244465597912 2.908531707900722 1.8487095052505225 0.4372528545356176 1.6745630182841607 2.449737961050245
0.4372528545356176 2.449737961050245 0.4372528545356176 1.8487095052505225 2.1489795046791134 0.24592244465597912 1.3688237138342847 1.3688237138342847 1.3688237138342847 0.24592244465597912 0.7458126760327137 0.0 1.252868090765165 1.6745630182841607 1.2126266673477677 1.252868090765165 0.7458126760327137 1.0607422841783554 1.252868090765165 1.8487095052505225
2.1489795046791134 0.5591942140001835 1.6745630182841607 1.6745630182841607 0.623104443341443 1.0607422841783554 0.06504532378493755 0.716294742960166 0.24592244465597912 0.5591942140001835 1.9234685915116763 1.252868090765165 0.0 2.449737961050245 1.9234685915116763 0.716294742960166 0.24592244465597912 1.3688237138342847 0.5591942140001835 1.2126266673477677
2.449737961050245 0.7458126760327137 1.2126266673477677 0.626308624972573 0.06504532378493755 1.6745630182841607 0.24592244465597912 0.06504532378493755 0.626308624972573 0.06504532378493755 0.716294742960166 1.6745630182841607 2.449737961050245 0.0 1.8487095052505225 1.2126266673477677 2.1489795046791134 1.6745630182841607 0.24592244465597912 0.4372528545356176
0.24592244465597912 0.267400767473601 1.6745630182841607 2.1489795046791134 1.3688237138342847 1.0607422841783554 2.1489795046791134 0.5591942140001835 1.6745630182841607 0.267400767473601 0.24592244465597912 1.2126266673477677 1.9234685915116763 1.8487095052505225 0.0 0.2447660345153717 1.9234685915116763 0.5591942140001835 2.449737961050245 0.4372528545356176
0.267400767473601 0.06504532378493755 2.449737961050245 2.449737961050245 0.06504532378493755 0.2447660345153717 0.626308624972573 0.24592244465597912 0.06504532378493755 2.449737961050245 2.908531707900722 1.252868090765165 0.716294742960166 1.2126266673477677 0.2447660345153717 0.0 0.5591942140001835 0.716294742960166 1.252868090765165 0.7458126760327137
1.6745630182841607 1.6745630182841607 1.2126266673477677 0.716294742960166 0.24592244465597912 2.449737961050245 0.4372528545356176 0.623104443341443 0.7458126760327137 1.6745630182841607 1.8487095052505225 0.7458126760327137 0.24592244465597912 2.1489795046791134 1.9234685915116763 0.5591942140001835 0.0 1.3688237138342847 0.5591942140001835 0.716294742960166
0.24592244465597912 0.267400767473601 1.6745630182841607 0.623104443341443 0.623104443341443 0.5591942140001835 0.06504532378493755 1.6745630182841607 1.2126266673477677 1.9234685915116763 0.4372528545356176 1.0607422841783554 1.3688237138342847 1.6745630182841607 0.5591942140001835 0.716294742960166 1.3688237138342847 0.0 1.0607422841783554 1.8487095052505225
1.0607422841783554 2.908531707900722 2.908531707900722 2.908531707900722 1.8487095052505225 0.24592244465597912 0.716294742960166 0.2447660345153717 1.9234685915116763 1.0607422841783554 1.6745630182841607 1.252868090765165 0.5591942140001835 0.24592244465597912 2.449737961050245 1.252868090765165 0.5591942140001835 1.0607422841783554 0.0 1.9234685915116763
0.267400767473601 0.623104443341443 0.5591942140001835 0.06504532378493755 0.06504532378493755 0.4372528545356176 1.9234685915116763 1.6745630182841607 2.449737961050245 0.623104443341443 2.449737961050245 1.8487095052505225 1.2126266673477677 0.4372528545356176 0.4372528545356176 0.7458126760327137 0.716294742960166 1.8487095052505225 1.9234685915116763 0.0
