10
0.0 99.86504364309495 81.12535402248776 92.53594051894942 108.20039499720615 109.14776328251604 106.59121307252806 109.78515160691511 83.61536201277076 108.89360834714469
99.86504364309495 0.0 96.51131255414627 95.06489805022281 104.90058656505505 80.91918200947933 126.52725198329847 90.17795674575467 92.03562612679299 92.030405251047
81.12535402248776 96.51131255414627 0.0 113.09280140227517 108.9179809068688 103.58278282607536 83.94391438974166 102.48037617490759 99.60479220629907 91.14209938032093
92.53594051894942 95.06489805022281 113.09280140227517 0.0 89.84847403337903 92.43251059255087 118.76817713647766 95.52641534758854 91.24982412524626 100.32374415928514
108.20039499720615 104.90058656505505 108.9179809068688 89.84847403337903 0.0 91.64540122832123 109.46604613248007 103.16625694912659 103.85207474276092 108.83857716103714
109.14776328251604 80.91918200947933 103.58278282607536 92.43251059255087 91.64540122832123 0.0 106.91698203207864 105.14746780657893 89.30726677265719 101.32417545850436
106.59121307252806 126.52725198329847 83.94391438974166 118.76817713647766 109.46604613248007 106.91698203207864 0.0 113.0713960946317 81.27757901442526 99.56741257356857
109.78515160691511 90.17795674575467 102.48037617490759 95.52641534758854 103.16625694912659 105.14746780657893 113.0713960946317 0.0 93.42101366189883 89.76930019533215
83.61536201277076 92.03562612679299 99.60479220629907 91.24982412524626 103.85207474276092 89.30726677265719 81.27757901442526 93.42101366189883 0.0 110.01172067064911
108.89360834714469 92.030405251047 91.14209938032093 100.32374415928514 108.83857716103714 101.32417545850436 99.56741257356857 89.76930019533215 110.01172067064911 0.0
