15
0.0 2.808231037920841 4.89295398156508 5.056515257261742 2.7614050230721743 8.135971822657794 0.7577548280361974 4.709179470251199 2.176849271293009 1.647113829354332 5.204505059771376 4.89295398156508 4.89295398156508 2.808231037920841 5.204505059771376
2.808231037920841 0.0 0.7577548280361974 0.756903389833488 5.056515257261742 8.135971822657794 0.7577548280361974 4.709179470251199 2.176849271293009 5.204505059771376 2.7614050230721743 0.23151584517645651 2.7614050230721743 0.756903389833488 4.89295398156508
4.89295398156508 0.7577548280361974 0.0 0.7577548280361974 4.709179470251199 0.23151584517645651 9.419919876358371 2.7614050230721743 0.23151584517645651 5.056515257261742 2.7614050230721743 2.176849271293009 2.808231037920841 8.135971822657794 0.756903389833488
5.056515257261742 0.756903389833488 0.7577548280361974 0.0 9.419919876358371 1.647113829354332 5.056515257261742 2.123012100494007 0.756903389833488 2.123012100494007 2.808231037920841 4.709179470251199 5.204505059771376 0.7577548280361974 4.709179470251199
2.7614050230721743 5.056515257261742 4.709179470251199 9.419919876358371 0.0 8.135971822657794 2.7614050230721743 2.176849271293009 1.647113829354332 5.204505059771376 8.135971822657794 2.808231037920841 4.709179470251199 2.123012100494007 1.647113829354332
8.135971822657794 8.135971822657794 0.23151584517645651 1.647113829354332 8.135971822657794 0.0 1.2190398031658232 5.204505059771376 0.23151584517645651 1.2190398031658232 1.647113829354332 9.419919876358371 0.756903389833488 2.808231037920841 0.23151584517645651
0.7577548280361974 0.7577548280361974 9.419919876358371 5.056515257261742 2.7614050230721743 1.2190398031658232 0.0 2.176849271293009 1.2190398031658232 0.23151584517645651 9.419919876358371 5.204505059771376 0.7577548280361974 2.7614050230721743 9.419919876358371
4.709179470251199 4.709179470251199 2.7614050230721743 2.123012100494007 2.176849271293009 5.204505059771376 2.176849271293009 0.0 4.709179470251199 1.2190398031658232 2.123012100494007 2.123012100494007 2.176849271293009 2.176849271293009 0.23151584517645651
2.176849271293009 2.176849271293009 0.23151584517645651 0.756903389833488 1.647113829354332 0.23151584517645651 1.2190398031658232 4.709179470251199 0.0 9.419919876358371 9.419919876358371 8.135971822657794 4.709179470251199 8.135971822657794 2.176849271293009
1.647113829354332 5.204505059771376 5.056515257261742 2.123012100494007 5.204505059771376 1.2190398031658232 0.23151584517645651 1.2190398031658232 9.419919876358371 0.0 2.808231037920841 2.123012100494007 0.756903389833488 2.808231037920841 8.135971822657794
5.204505059771376 2.7614050230721743 2.7614050230721743 2.808231037920841 8.135971822657794 1.647113829354332 9.419919876358371 2.123012100494007 9.419919876358371 2.808231037920841 0.0 2.123012100494007 8.135971822657794 5.056515257261742 2.808231037920841
4.89295398156508 0.23151584517645651 2.176849271293009 4.709179470251199 2.808231037920841 9.419919876358371 5.204505059771376 2.123012100494007 8.135971822657794 2.123012100494007 2.123012100494007 0.0 4.709179470251199 2.123012100494007 8.135971822657794
4.89295398156508 2.7614050230721743 2.808231037920841 5.204505059771376 4.709179470251199 0.756903389833488 0.7577548280361974 2.176849271293009 4.709179470251199 0.756903389833488 8.135971822657794 4.709179470251199 0.0 0.756903389833488 1.2190398031658232
2.808231037920841 0.756903389833488 8.135971822657794 0.7577548280361974 2.123012100494007 2.808231037920841 2.7614050230721743 2.176849271293009 8.135971822657794 2.808231037920841 5.056515257261742 2.123012100494007 0.756903389833488 0.0 0.756903389833488
5.204505059771376 4.89295398156508 0.756903389833488 4.709179470251199 1.647113829354332 0.23151584517645651 9.419919876358371 0.23151584517645651 2.176849271293009 8.135971822657794 2.808231037920841 8.135971822657794 1.2190398031658232 0.756903389833488 0.0
