20
0.0 0.33364064718664443 0.7713063717712821 0.5631086177131 2.175807890811699 0.327427632509238 0.33364064718664443 0.5631086177131 0.7713063717712821 0.7323654294501194 1.7711210373987547 2.175807890811699 1.682445257755993 0.5603879882613728 0.6534501668906012 1.682445257755993 1.899687803016902 1.5275930932649016 0.6534501668906012 0.5853140447104463
0.33364064718664443 0.0 1.899687803016902 0.5603879882613728 0.5319536875733846 1.5275930932649016 0.2618819814697564 1.899687803016902 1.682445257755993 0.7713063717712821 2.175807890811699 1.79031732604358 0.14016490389603797 2.175807890811699 0.5603879882613728 0.7323654294501194 0.5319536875733846 0.5603879882613728 0.7323654294501194 0.7713063717712821
0.7713063717712821 1.899687803016902 0.0 1.79031732604358 0.327427632509238 0.6534501668906012 0.2618819814697564 1.682445257755993 0.33364064718664443 1.5275930932649016 0.33364064718664443 0.5853140447104463 0.2618819814697564 0.14016490389603797 2.175807890811699 0.5603879882613728 0.7323654294501194 0.2618819814697564 1.1512534226568205 1.682445257755993
0.5631086177131 0.5603879882613728 1.79031732604358 0.0 0.2618819814697564 0.33364064718664443 0.33364064718664443 0.14016490389603797 1.5275930932649016 2.175807890811699 1.7711210373987547 0.6534501668906012 0.7323654294501194 1.899687803016902 1.5275930932649016 0.5853140447104463 1.682445257755993 1.79031732604358 2.175807890811699 2.175807890811699
2.175807890811699 0.5319536875733846 0.327427632509238 0.2618819814697564 0.0 0.14016490389603797 0.33364064718664443 0.6534501668906012 0.33364064718664443 0.33364064718664443 0.2618819814697564 0.5631086177131 0.14016490389603797 1.79031732604358 0.7713063717712821 0.6534501668906012 0.33364064718664443 0.14016490389603797 0.7323654294501194 1.682445257755993
0.327427632509238 1.5275930932649016 0.6534501668906012 0.33364064718664443 0.14016490389603797 0.0 1.7711210373987547 0.5603879882613728 1.899687803016902 0.327427632509238 0.33364064718664443 0.6534501668906012 0.7323654294501194 0.7713063717712821 0.5319536875733846 1.1512534226568205 0.7713063717712821 0.34956426193105605 0.5319536875733846 1.7711210373987547
0.33364064718664443 0.2618819814697564 0.2618819814697564 0.33364064718664443 0.33364064718664443 1.7711210373987547 0.0 0.5853140447104463 0.6534501668906012 1.7711210373987547 0.327427632509238 0.14016490389603797 1.79031732604358 1.1512534226568205 0.2364187636829067 1.7711210373987547 1.899687803016902 1.1512534226568205 0.6534501668906012 1.5275930932649016
0.5631086177131 1.899687803016902 1.682445257755993 0.14016490389603797 0.6534501668906012 0.5603879882613728 0.5853140447104463 0.0 0.6534501668906012 1.7711210373987547 0.7713063717712821 0.2618819814697564 0.5319536875733846 0.5853140447104463 0.14016490389603797 0.2364187636829067 0.34956426193105605 1.7711210373987547 1.1512534226568205 0.2618819814697564
0.7713063717712821 1.682445257755993 0.33364064718664443 1.5275930932649016 0.33364064718664443 1.899687803016902 0.6534501668906012 0.6534501668906012 0.0 0.5603879882613728 0.2618819814697564 1.899687803016902 1.682445257755993 0.14016490389603797 0.5631086177131 0.33364064718664443 0.14016490389603797 0.34956426193105605 0.5319536875733846 2.175807890811699
0.7323654294501194 0.7713063717712821 1.5275930932649016 2.175807890811699 0.33364064718664443 0.327427632509238 1.7711210373987547 1.7711210373987547 0.5603879882613728 0.0 1.5275930932649016 0.5631086177131 1.79031732604358 1.682445257755993 0.33364064718664443 0.7323654294501194 0.6534501668906012 0.5631086177131 0.6534501668906012 0.14016490389603797
1.7711210373987547 2.175807890811699 0.33364064718664443 1.7711210373987547 0.2618819814697564 0.33364064718664443 0.327427632509238 0.7713063717712821 0.2618819814697564 1.5275930932649016 0.0 0.14016490389603797 1.5275930932649016 0.6534501668906012 0.5631086177131 0.5631086177131 1.682445257755993 0.2364187636829067 0.2364187636829067 0.2364187636829067
2.175807890811699 1.79031732604358 0.5853140447104463 0.6534501668906012 0.5631086177131 0.6534501668906012 0.14016490389603797 0.2618819814697564 1.899687803016902 0.5631086177131 0.14016490389603797 0.0 0.5319536875733846 0.14016490389603797 0.2364187636829067 1.79031732604358 0.5853140447104463 0.33364064718664443 0.2618819814697564 0.14016490389603797
1.682445257755993 0.14016490389603797 0.2618819814697564 0.7323654294501194 0.14016490389603797 0.7323654294501194 1.79031732604358 0.5319536875733846 1.682445257755993 1.79031732604358 1.5275930932649016 0.5319536875733846 0.0 1.7711210373987547 0.7323654294501194 2.175807890811699 1.5275930932649016 0.7713063717712821 0.5603879882613728 1.79031732604358
0.5603879882613728 2.175807890811699 0.14016490389603797 1.899687803016902 1.79031732604358 0.7713063717712821 1.1512534226568205 0.5853140447104463 0.14016490389603797 1.682445257755993 0.6534501668906012 0.14016490389603797 1.7711210373987547 0.0 0.6534501668906012 1.7711210373987547 0.2618819814697564 1.79031732604358 0.5631086177131 1.899687803016902
0.6534501668906012 0.5603879882613728 2.175807890811699 1.5275930932649016 0.7713063717712821 0.5319536875733846 0.2364187636829067 0.14016490389603797 0.5631086177131 0.33364064718664443 0.5631086177131 0.2364187636829067 0.7323654294501194 0.6534501668906012 0.0 0.2618819814697564 0.5631086177131 0.2618819814697564 0.6534501668906012 0.14016490389603797
1.682445257755993 0.7323654294501194 0.5603879882613728 0.5853140447104463 0.6534501668906012 1.1512534226568205 1.7711210373987547 0.2364187636829067 0.33364064718664443 0.7323654294501194 0.5631086177131 1.79031732604358 2.175807890811699 1.7711210373987547 0.2618819814697564 0.0 0.34956426193105605 0.5853140447104463 0.327427632509238 0.34956426193105605
1.899687803016902 0.5319536875733846 0.7323654294501194 1.682445257755993 0.33364064718664443 0.7713063717712821 1.899687803016902 0.34956426193105605 0.14016490389603797 0.6534501668906012 1.682445257755993 0.5853140447104463 1.5275930932649016 0.2618819814697564 0.5631086177131 0.34956426193105605 0.0 1.682445257755993 0.5603879882613728 0.34956426193105605
1.5275930932649016 0.5603879882613728 0.2618819814697564 1.79031732604358 0.14016490389603797 0.34956426193105605 1.1512534226568205 1.7711210373987547 0.34956426193105605 0.5631086177131 0.2364187636829067 0.33364064718664443 0.7713063717712821 1.79031732604358 0.2618819814697564 0.5853140447104463 1.682445257755993 0.0 0.14016490389603797 0.7713063717712821
0.6534501668906012 0.7323654294501194 1.1512534226568205 2.175807890811699 0.7323654294501194 0.5319536875733846 0.6534501668906012 1.1512534226568205 0.5319536875733846 0.6534501668906012 0.2364187636829067 0.2618819814697564 0.5603879882613728 0.5631086177131 0.6534501668906012 0.327427632509238 0.5603879882613728 0.14016490389603797 0.0 0.2618819814697564
0.5853140447104463 0.7713063717712821 1.682445257755993 2.175807890811699 1.682445257755993 1.7711210373987547 1.5275930932649016 0.2618819814697564 2.175807890811699 0.14016490389603797 0.2364187636829067 0.14016490389603797 1.79031732604358 1.899687803016902 0.14016490389603797 0.34956426193105605 0.34956426193105605 0.7713063717712821 0.2618819814697564 0.0
