10
0.0 0.06355549447506226 0.7670209229987816 1.948638309193813 0.3271479277788376 0.7670209229987816 3.032753736578231 2.421352230612807 1.4982871163603502 1.3255039714408907
0.06355549447506226 0.0 3.032753736578231 0.1373739611746143 0.3271479277788376 0.7670209229987816 0.3271479277788376 1.3255039714408907 0.5918210908985715 0.5918210908985715
0.7670209229987816 3.032753736578231 0.0 1.4982871163603502 0.06355549447506226 0.27389482015102296 3.032753736578231 0.7670209229987816 2.421352230612807 1.948638309193813
1.948638309193813 0.1373739611746143 1.4982871163603502 0.0 2.421352230612807 0.1373739611746143 0.27389482015102296 0.3271479277788376 3.032753736578231 1.4982871163603502
0.3271479277788376 0.3271479277788376 0.06355549447506226 2.421352230612807 0.0 0.1373739611746143 0.5918210908985715 0.5918210908985715 0.7670209229987816 1.3255039714408907
0.7670209229987816 0.7670209229987816 0.27389482015102296 0.1373739611746143 0.1373739611746143 0.0 2.421352230612807 2.421352230612807 0.7670209229987816 0.06355549447506226
3.032753736578231 0.3271479277788376 3.032753736578231 0.27389482015102296 0.5918210908985715 2.421352230612807 0.0 1.3255039714408907 1.3255039714408907 0.27389482015102296
2.421352230612807 1.3255039714408907 0.7670209229987816 0.3271479277788376 0.5918210908985715 2.421352230612807 1.3255039714408907 0.0 0.1373739611746143 0.5918210908985715
1.4982871163603502 0.5918210908985715 2.421352230612807 3.032753736578231 0.7670209229987816 0.7670209229987816 1.3255039714408907 0.1373739611746143 0.0 0.27389482015102296
1.3255039714408907 0.5918210908985715 1.948638309193813 1.4982871163603502 1.3255039714408907 0.06355549447506226 0.27389482015102296 0.5918210908985715 0.27389482015102296 0.0
