10
0.0 0.6128626053573765 29.71185421022898 21.58175203177817 18.937837048319636 7.889403291550604 18.183351448695262 4.872190327721836 4.783133530422135 17.65052385725666
0.6128626053573765 0.0 4.229456195114059 17.587382183294704 33.640771677375795 14.372086489295919 0.5619319597101722 4.560197871782951 11.7287775258589 17.732018001641784
29.71185421022898 4.229456195114059 0.0 10.737351452273398 29.56789979957967 3.9269871968106855 20.342293402418328 19.62475019058448 15.054850125826896 10.251337265400062
21.58175203177817 17.587382183294704 10.737351452273398 0.0 1.4734412260326977 7.808608432627583 2.9809598648377618 10.176430249398738 3.9474541891236727 15.681111869906843
18.937837048319636 33.640771677375795 29.56789979957967 1.4734412260326977 0.0 5.5161664833665425 12.114301765361079 1.9953727088850783 1.885276929823256 5.884156917613854
7.889403291550604 14.372086489295919 3.9269871968106855 7.808608432627583 5.5161664833665425 0.0 10.471617498144097 9.268863877511043 6.105404863719309 2.5132415197288225
18.183351448695262 0.5619319597101722 20.342293402418328 2.9809598648377618 12.114301765361079 10.471617498144097 0.0 8.591887023606407 22.304408750114746 12.806921518952892
4.872190327721836 4.560197871782951 19.62475019058448 10.176430249398738 1.9953727088850783 9.268863877511043 8.591887023606407 0.0 0.5978640658037975 11.846614845213436
4.783133530422135 11.7287775258589 15.054850125826896 3.9474541891236727 1.885276929823256 6.105404863719309 22.304408750114746 0.5978640658037975 0.0 10.036603395536787
17.65052385725666 17.732018001641784 10.251337265400062 15.681111869906843 5.884156917613854 2.5132415197288225 12.806921518952892 11.846614845213436 10.036603395536787 0.0
