15
0.0 24.257168154052295 7.693182983814016 6.869906291381813 8.837300863620097 13.965800354746602 5.381212631507328 22.307182926387433 8.837300863620097 9.677077955591862 7.1171701250874655 22.307182926387433 9.677077955591862 5.381212631507328 7.1171701250874655
24.257168154052295 0.0 8.837300863620097 9.979157507118867 10.91983680293957 6.869906291381813 22.307182926387433 13.965800354746602 9.677077955591862 10.590949616241625 8.22385192539422 9.979157507118867 10.91983680293957 22.307182926387433 10.590949616241625
7.693182983814016 8.837300863620097 0.0 13.693896838290788 22.307182926387433 10.91983680293957 9.677077955591862 15.51592463708736 13.965800354746602 15.51592463708736 9.677077955591862 10.590949616241625 8.837300863620097 6.869906291381813 15.51592463708736
6.869906291381813 9.979157507118867 13.693896838290788 0.0 13.693896838290788 9.979157507118867 7.693182983814016 5.381212631507328 7.1171701250874655 22.307182926387433 13.693896838290788 9.979157507118867 13.693896838290788 22.307182926387433 10.590949616241625
8.837300863620097 10.91983680293957 22.307182926387433 13.693896838290788 0.0 5.381212631507328 9.979157507118867 9.677077955591862 9.677077955591862 10.91983680293957 9.677077955591862 5.381212631507328 9.979157507118867 13.965800354746602 6.869906291381813
13.965800354746602 6.869906291381813 10.91983680293957 9.979157507118867 5.381212631507328 0.0 13.965800354746602 8.837300863620097 13.965800354746602 5.381212631507328 24.257168154052295 9.979157507118867 7.693182983814016 15.51592463708736 5.381212631507328
5.381212631507328 22.307182926387433 9.677077955591862 7.693182983814016 9.979157507118867 13.965800354746602 0.0 6.869906291381813 7.1171701250874655 24.257168154052295 8.22385192539422 7.693182983814016 13.693896838290788 22.307182926387433 5.381212631507328
22.307182926387433 13.965800354746602 15.51592463708736 5.381212631507328 9.677077955591862 8.837300863620097 6.869906291381813 0.0 6.869906291381813 8.837300863620097 15.51592463708736 10.91983680293957 8.837300863620097 22.307182926387433 9.677077955591862
8.837300863620097 9.677077955591862 13.965800354746602 7.1171701250874655 9.677077955591862 13.965800354746602 7.1171701250874655 6.869906291381813 0.0 7.693182983814016 7.693182983814016 7.1171701250874655 8.837300863620097 15.51592463708736 7.1171701250874655
9.677077955591862 10.590949616241625 15.51592463708736 22.307182926387433 10.91983680293957 5.381212631507328 24.257168154052295 8.837300863620097 7.693182983814016 0.0 10.590949616241625 10.91983680293957 5.381212631507328 5.381212631507328 7.1171701250874655
7.1171701250874655 8.22385192539422 9.677077955591862 13.693896838290788 9.677077955591862 24.257168154052295 8.22385192539422 15.51592463708736 7.693182983814016 10.590949616241625 0.0 5.381212631507328 22.307182926387433 9.677077955591862 10.91983680293957
22.307182926387433 9.979157507118867 10.590949616241625 9.979157507118867 5.381212631507328 9.979157507118867 7.693182983814016 10.91983680293957 7.1171701250874655 10.91983680293957 5.381212631507328 0.0 9.677077955591862 8.22385192539422 13.965800354746602
9.677077955591862 10.91983680293957 8.837300863620097 13.693896838290788 9.979157507118867 7.693182983814016 13.693896838290788 8.837300863620097 8.837300863620097 5.381212631507328 22.307182926387433 9.677077955591862 0.0 8.22385192539422 24.257168154052295
5.381212631507328 22.307182926387433 6.869906291381813 22.307182926387433 13.965800354746602 15.51592463708736 22.307182926387433 22.307182926387433 15.51592463708736 5.381212631507328 9.677077955591862 8.22385192539422 8.22385192539422 0.0 9.979157507118867
7.1171701250874655 10.590949616241625 15.51592463708736 10.590949616241625 6.869906291381813 5.381212631507328 5.381212631507328 9.677077955591862 7.1171701250874655 7.1171701250874655 10.91983680293957 13.965800354746602 24.257168154052295 9.979157507118867 0.0
