20
0.0 1.851001837600326 0.5016665406303452 0.6203495001374099 0.42994093402158806 0.5016665406303452 1.7156558757258336 1.707445915842107 1.1608788247200101 0.8860968918967863 1.3356393796510977 0.842822019158995 0.1007577899367651 1.851001837600326 1.3356393796510977 0.9520520867734587 0.1007577899367651 0.6253698156072917 1.707445915842107 1.1565803587967558
1.851001837600326 0.0 2.268501338970098 1.7156558757258336 0.42994093402158806 0.5016665406303452 1.851001837600326 0.6203495001374099 1.851001837600326 0.6203495001374099 0.6253698156072917 0.9520520867734587 1.851001837600326 0.42994093402158806 1.1608788247200101 0.8860968918967863 0.842822019158995 1.1608788247200101 1.707445915842107 1.7156558757258336
0.5016665406303452 2.268501338970098 0.0 0.6253698156072917 1.7156558757258336 2.578824103931668 0.1007577899367651 2.578824103931668 1.1565803587967558 0.8860968918967863 0.6253698156072917 0.6253698156072917 0.9520520867734587 0.1007577899367651 0.6253698156072917 1.7156558757258336 0.42994093402158806 2.268501338970098 0.8860968918967863 1.1608788247200101
0.6203495001374099 1.7156558757258336 0.6253698156072917 0.0 0.42994093402158806 0.8860968918967863 3.8491025561010868 1.3356393796510977 2.268501338970098 3.8491025561010868 1.3356393796510977 1.1608788247200101 1.3356393796510977 1.1565803587967558 0.6203495001374099 2.268501338970098 0.1007577899367651 0.8860968918967863 0.5016665406303452 0.42994093402158806
0.42994093402158806 0.42994093402158806 1.7156558757258336 0.42994093402158806 0.0 0.6253698156072917 2.578824103931668 1.851001837600326 1.1608788247200101 0.9520520867734587 0.6253698156072917 3.8491025561010868 1.7156558757258336 1.1565803587967558 0.8860968918967863 0.42994093402158806 3.8491025561010868 1.707445915842107 0.5016665406303452 1.707445915842107
0.5016665406303452 0.5016665406303452 2.578824103931668 0.8860968918967863 0.6253698156072917 0.0 1.707445915842107 0.6253698156072917 2.268501338970098 1.3356393796510977 0.6203495001374099 0.42994093402158806 1.1565803587967558 0.31819218252112846 2.578824103931668 1.851001837600326 0.6253698156072917 1.851001837600326 3.8491025561010868 1.1565803587967558
1.7156558757258336 1.851001837600326 0.1007577899367651 3.8491025561010868 2.578824103931668 1.707445915842107 0.0 1.2546134381288028 0.31819218252112846 0.5016665406303452 0.6253698156072917 3.8491025561010868 2.578824103931668 3.8491025561010868 0.31819218252112846 1.707445915842107 0.6203495001374099 0.6253698156072917 3.8491025561010868 2.268501338970098
1.707445915842107 0.6203495001374099 2.578824103931668 1.3356393796510977 1.851001837600326 0.6253698156072917 1.2546134381288028 0.0 1.3356393796510977 1.3356393796510977 1.3356393796510977 0.569199023530647 0.1007577899367651 1.3356393796510977 0.8860968918967863 0.1007577899367651 2.268501338970098 1.1565803587967558 0.9520520867734587 0.8860968918967863
1.1608788247200101 1.851001837600326 1.1565803587967558 2.268501338970098 1.1608788247200101 2.268501338970098 0.31819218252112846 1.3356393796510977 0.0 1.1565803587967558 1.851001837600326 0.9520520867734587 1.2546134381288028 1.7156558757258336 1.707445915842107 0.42994093402158806 2.578824103931668 2.578824103931668 3.8491025561010868 1.2546134381288028
0.8860968918967863 0.6203495001374099 0.8860968918967863 3.8491025561010868 0.9520520867734587 1.3356393796510977 0.5016665406303452 1.3356393796510977 1.1565803587967558 0.0 1.3356393796510977 0.8860968918967863 1.707445915842107 0.842822019158995 1.851001837600326 2.268501338970098 1.1565803587967558 1.1565803587967558 1.1565803587967558 0.1007577899367651
1.3356393796510977 0.6253698156072917 0.6253698156072917 1.3356393796510977 0.6253698156072917 0.6203495001374099 0.6253698156072917 1.3356393796510977 1.851001837600326 1.3356393796510977 0.0 1.1565803587967558 1.2546134381288028 1.1565803587967558 1.851001837600326 3.8491025561010868 1.1608788247200101 0.6253698156072917 1.7156558757258336 2.578824103931668
0.842822019158995 0.9520520867734587 0.6253698156072917 1.1608788247200101 3.8491025561010868 0.42994093402158806 3.8491025561010868 0.569199023530647 0.9520520867734587 0.8860968918967863 1.1565803587967558 0.0 0.6203495001374099 1.3356393796510977 1.707445915842107 1.851001837600326 1.1565803587967558 0.42994093402158806 0.42994093402158806 0.6203495001374099
0.1007577899367651 1.851001837600326 0.9520520867734587 1.3356393796510977 1.7156558757258336 1.1565803587967558 2.578824103931668 0.1007577899367651 1.2546134381288028 1.707445915842107 1.2546134381288028 0.6203495001374099 0.0 2.268501338970098 0.8860968918967863 1.1565803587967558 2.578824103931668 1.851001837600326 0.5016665406303452 0.842822019158995
1.851001837600326 0.42994093402158806 0.1007577899367651 1.1565803587967558 1.1565803587967558 0.31819218252112846 3.8491025561010868 1.3356393796510977 1.7156558757258336 0.842822019158995 1.1565803587967558 1.3356393796510977 2.268501338970098 0.0 0.6253698156072917 2.268501338970098 0.6203495001374099 0.569199023530647 0.6253698156072917 0.569199023530647
1.3356393796510977 1.1608788247200101 0.6253698156072917 0.6203495001374099 0.8860968918967863 2.578824103931668 0.31819218252112846 0.8860968918967863 1.707445915842107 1.851001837600326 1.851001837600326 1.707445915842107 0.8860968918967863 0.6253698156072917 0.0 1.7156558757258336 1.7156558757258336 1.3356393796510977 1.3356393796510977 0.6203495001374099
0.9520520867734587 0.8860968918967863 1.7156558757258336 2.268501338970098 0.42994093402158806 1.851001837600326 1.707445915842107 0.1007577899367651 0.42994093402158806 2.268501338970098 3.8491025561010868 1.851001837600326 1.1565803587967558 2.268501338970098 1.7156558757258336 0.0 2.578824103931668 2.268501338970098 1.3356393796510977 0.42994093402158806
0.1007577899367651 0.842822019158995 0.42994093402158806 0.1007577899367651 3.8491025561010868 0.6253698156072917 0.6203495001374099 2.268501338970098 2.578824103931668 1.1565803587967558 1.1608788247200101 1.1565803587967558 2.578824103931668 0.6203495001374099 1.7156558757258336 2.578824103931668 0.0 2.268501338970098 0.5016665406303452 3.8491025561010868
0.6253698156072917 1.1608788247200101 2.268501338970098 0.8860968918967863 1.707445915842107 1.851001837600326 0.6253698156072917 1.1565803587967558 2.578824103931668 1.1565803587967558 0.6253698156072917 0.42994093402158806 1.851001837600326 0.569199023530647 1.3356393796510977 2.268501338970098 2.268501338970098 0.0 0.842822019158995 1.2546134381288028
1.707445915842107 1.707445915842107 0.8860968918967863 0.5016665406303452 0.5016665406303452 3.8491025561010868 3.8491025561010868 0.9520520867734587 3.8491025561010868 1.1565803587967558 1.7156558757258336 0.42994093402158806 0.5016665406303452 0.6253698156072917 1.3356393796510977 1.3356393796510977 0.5016665406303452 0.842822019158995 0.0 0.6253698156072917
1.1565803587967558 1.7156558757258336 1.1608788247200101 0.42994093402158806 1.707445915842107 1.1565803587967558 2.268501338970098 0.8860968918967863 1.2546134381288028 0.1007577899367651 2.578824103931668 0.6203495001374099 0.842822019158995 0.569199023530647 0.6203495001374099 0.42994093402158806 3.8491025561010868 1.2546134381288028 0.6253698156072917 0.0
