10
0.0 0.25746990370559153 0.37701806303632535 0.25746990370559153 0.37701806303632535 0.37701806303632535 0.37701806303632535 0.37701806303632535 0.24195360332604277 1.454208193940919
0.25746990370559153 0.0 0.25746990370559153 1.454208193940919 0.37701806303632535 0.37701806303632535 0.25746990370559153 1.454208193940919 0.24195360332604277 0.24195360332604277
0.37701806303632535 0.25746990370559153 0.0 0.25746990370559153 0.25746990370559153 0.24195360332604277 0.24195360332604277 0.24195360332604277 0.37701806303632535 0.25746990370559153
0.25746990370559153 1.454208193940919 0.25746990370559153 0.0 1.454208193940919 0.24195360332604277 1.454208193940919 0.25746990370559153 0.37701806303632535 0.37701806303632535
0.37701806303632535 0.37701806303632535 0.25746990370559153 1.454208193940919 0.0 0.37701806303632535 0.25746990370559153 0.24195360332604277 0.25746990370559153 0.37701806303632535
0.37701806303632535 0.37701806303632535 0.24195360332604277 0.24195360332604277 0.37701806303632535 0.0 0.25746990370559153 1.454208193940919 1.454208193940919 1.454208193940919
0.37701806303632535 0.25746990370559153 0.24195360332604277 1.454208193940919 0.25746990370559153 0.25746990370559153 0.0 0.37701806303632535 1.454208193940919 1.454208193940919
0.37701806303632535 1.454208193940919 0.24195360332604277 0.25746990370559153 0.24195360332604277 1.454208193940919 0.37701806303632535 0.0 0.25746990370559153 0.25746990370559153
0.24195360332604277 0.24195360332604277 0.37701806303632535 0.37701806303632535 0.25746990370559153 1.454208193940919 1.454208193940919 0.25746990370559153 0.0 0.37701806303632535
1.454208193940919 0.24195360332604277 0.25746990370559153 0.37701806303632535 0.37701806303632535 1.454208193940919 1.454208193940919 0.25746990370559153 0.37701806303632535 0.0
