10
0.0 0.94347171833794 2.0600409356626623 1.7167225840746547 1.5549123735576633 1.02521630820363 1.7167225840746547 1.3742192558942894 0.616319747675152 2.3924817081232126
0.94347171833794 0.0 0.27912823922962815 1.02521630820363 2.0600409356626623 0.0028934603398211856 0.5865330956444905 0.759226445649316 0.9768992430616359 2.3924817081232126
2.0600409356626623 0.27912823922962815 0.0 1.4322312364463334 1.8819229615153907 0.8982879044734028 0.34425099584282404 1.4322312364463334 2.3924817081232126 0.8982879044734028
1.7167225840746547 1.02521630820363 1.4322312364463334 0.0 0.27912823922962815 2.0600409356626623 0.3040767970073892 1.7790450237458701 0.27912823922962815 1.7200740027817047
1.5549123735576633 2.0600409356626623 1.8819229615153907 0.27912823922962815 0.0 0.3040767970073892 2.0600409356626623 0.6418157025819907 1.0409894890607119 0.27912823922962815
1.02521630820363 0.0028934603398211856 0.8982879044734028 2.0600409356626623 0.3040767970073892 0.0 1.6027501398147013 0.9021765881880148 0.5865330956444905 1.8819229615153907
1.7167225840746547 0.5865330956444905 0.34425099584282404 0.3040767970073892 2.0600409356626623 1.6027501398147013 0.0 2.3924817081232126 1.7200740027817047 0.7949914115319613
1.3742192558942894 0.759226445649316 1.4322312364463334 1.7790450237458701 0.6418157025819907 0.9021765881880148 2.3924817081232126 0.0 0.616319747675152 1.6027501398147013
0.616319747675152 0.9768992430616359 2.3924817081232126 0.27912823922962815 1.0409894890607119 0.5865330956444905 1.7200740027817047 0.616319747675152 0.0 1.02521630820363
2.3924817081232126 2.3924817081232126 0.8982879044734028 1.7200740027817047 0.27912823922962815 1.8819229615153907 0.7949914115319613 1.6027501398147013 1.02521630820363 0.0
