10
0.0 0.29849920899920357 0.29849920899920357 0.29849920899920357 0.29849920899920357 0.29849920899920357 0.29849920899920357 0.29849920899920357 0.29849920899920357 0.29849920899920357
0.29849920899920357 0.0 0.29849920899920357 0.29849920899920357 0.29849920899920357 0.29849920899920357 0.29849920899920357 0.29849920899920357 0.29849920899920357 0.29849920899920357
0.29849920899920357 0.29849920899920357 0.0 0.29849920899920357 0.29849920899920357 0.29849920899920357 0.29849920899920357 0.29849920899920357 0.29849920899920357 0.29849920899920357
0.29849920899920357 0.29849920899920357 0.29849920899920357 0.0 0.29849920899920357 0.29849920899920357 0.29849920899920357 0.29849920899920357 0.29849920899920357 0.29849920899920357
0.29849920899920357 0.29849920899920357 0.29849920899920357 0.29849920899920357 0.0 0.29849920899920357 0.29849920899920357 0.29849920899920357 0.29849920899920357 0.29849920899920357
0.29849920899920357 0.29849920899920357 0.29849920899920357 0.29849920899920357 0.29849920899920357 0.0 0.29849920899920357 0.29849920899920357 0.29849920899920357 0.29849920899920357
0.29849920899920357 0.29849920899920357 0.29849920899920357 0.29849920899920357 0.29849920899920357 0.29849920899920357 0.0 0.29849920899920357 0.29849920899920357 0.29849920899920357
0.29849920899920357 0.29849920899920357 0.29849920899920357 0.29849920899920357 0.29849920899920357 0.29849920899920357 0.29849920899920357 0.0 0.29849920899920357 0.29849920899920357
0.29849920899920357 0.29849920899920357 0.29849920899920357 0.29849920899920357 0.29849920899920357 0.29849920899920357 0.29849920899920357 0.29849920899920357 0.0 0.29849920899920357
0.29849920899920357 0.29849920899920357 0.29849920899920357 0.29849920899920357 0.29849920899920357 0.29849920899920357 0.29849920899920357 0.29849920899920357 0.29849920899920357 0.0
