15
0.0 5.85966645501634 0.7893983581230728 5.114211009272571 8.309211734961757 3.9072924220205887 5.85966645501634 3.9991957151521986 0.36939233210560296 4.336541927529543 14.964130892503736 8.309211734961757 5.85966645501634 12.848807224855282 5.127603001356865
5.85966645501634 0.0 5.85966645501634 0.7893983581230728 5.127603001356865 5.114211009272571 4.851024690057827 1.3887678474427911 12.848807224855282 8.309211734961757 5.127603001356865 0.36939233210560296 3.0004346732054166 4.851024690057827 8.309211734961757
0.7893983581230728 5.85966645501634 0.0 5.127603001356865 5.85966645501634 14.964130892503736 8.309211734961757 5.114211009272571 3.9991957151521986 1.3887678474427911 5.114211009272571 4.851024690057827 3.9991957151521986 5.85966645501634 3.0004346732054166
5.114211009272571 0.7893983581230728 5.127603001356865 0.0 3.0004346732054166 0.7893983581230728 5.114211009272571 0.36939233210560296 14.964130892503736 0.7893983581230728 0.7893983581230728 14.964130892503736 3.9072924220205887 9.44373411391297 3.0004346732054166
8.309211734961757 5.127603001356865 5.85966645501634 3.0004346732054166 0.0 1.3887678474427911 12.848807224855282 14.964130892503736 3.9991957151521986 4.336541927529543 5.114211009272571 3.0004346732054166 0.7893983581230728 12.848807224855282 4.336541927529543
3.9072924220205887 5.114211009272571 14.964130892503736 0.7893983581230728 1.3887678474427911 0.0 1.3887678474427911 14.964130892503736 14.964130892503736 0.7893983581230728 14.964130892503736 9.44373411391297 3.9072924220205887 14.964130892503736 0.7893983581230728
5.85966645501634 4.851024690057827 8.309211734961757 5.114211009272571 12.848807224855282 1.3887678474427911 0.0 4.336541927529543 14.964130892503736 4.851024690057827 5.127603001356865 5.127603001356865 5.114211009272571 8.309211734961757 1.3887678474427911
3.9991957151521986 1.3887678474427911 5.114211009272571 0.36939233210560296 14.964130892503736 14.964130892503736 4.336541927529543 0.0 0.7893983581230728 5.85966645501634 0.36939233210560296 5.85966645501634 14.964130892503736 5.114211009272571 4.336541927529543
0.36939233210560296 12.848807224855282 3.9991957151521986 14.964130892503736 3.9991957151521986 14.964130892503736 14.964130892503736 0.7893983581230728 0.0 3.9072924220205887 9.44373411391297 0.36939233210560296 3.9991957151521986 0.36939233210560296 3.9991957151521986
4.336541927529543 8.309211734961757 1.3887678474427911 0.7893983581230728 4.336541927529543 0.7893983581230728 4.851024690057827 5.85966645501634 3.9072924220205887 0.0 4.851024690057827 3.9991957151521986 8.309211734961757 9.44373411391297 8.309211734961757
14.964130892503736 5.127603001356865 5.114211009272571 0.7893983581230728 5.114211009272571 14.964130892503736 5.127603001356865 0.36939233210560296 9.44373411391297 4.851024690057827 0.0 14.964130892503736 3.0004346732054166 8.309211734961757 12.848807224855282
8.309211734961757 0.36939233210560296 4.851024690057827 14.964130892503736 3.0004346732054166 9.44373411391297 5.127603001356865 5.85966645501634 0.36939233210560296 3.9991957151521986 14.964130892503736 0.0 14.964130892503736 5.114211009272571 4.851024690057827
5.85966645501634 3.0004346732054166 3.9991957151521986 3.9072924220205887 0.7893983581230728 3.9072924220205887 5.114211009272571 14.964130892503736 3.9991957151521986 8.309211734961757 3.0004346732054166 14.964130892503736 0.0 1.3887678474427911 12.848807224855282
12.848807224855282 4.851024690057827 5.85966645501634 9.44373411391297 12.848807224855282 14.964130892503736 8.309211734961757 5.114211009272571 0.36939233210560296 9.44373411391297 8.309211734961757 5.114211009272571 1.3887678474427911 0.0 9.44373411391297
5.127603001356865 8.309211734961757 3.0004346732054166 3.0004346732054166 4.336541927529543 0.7893983581230728 1.3887678474427911 4.336541927529543 3.9991957151521986 8.309211734961757 12.848807224855282 4.851024690057827 12.848807224855282 9.44373411391297 0.0
