10
0.0 4.343123008061645 3.727974788644643 4.6633919387356135 5.299413812493408 4.7586082372707965 5.527618788024605 6.228530958002104 4.1591683206355565 5.253654626607688
4.343123008061645 0.0 5.339822330886691 4.448948165601783 4.761676146805741 4.528212537578338 4.273296488013286 5.732887052821606 5.135382055751187 4.474921092503266
3.727974788644643 5.339822330886691 0.0 4.774893543834671 4.447857183574548 6.561920358119529 5.779684257671744 3.850580622213397 6.020984109541566 5.9019805491093855
4.6633919387356135 4.448948165601783 4.774893543834671 0.0 5.371095313894924 5.579775230450846 6.867883467769327 3.169418129267876 5.6630596109686655 3.4467635937651777
5.299413812493408 4.761676146805741 4.447857183574548 5.371095313894924 0.0 4.836438530505655 6.553481072682098 4.891916304815614 7.083232031827746 4.738005442175101
4.7586082372707965 4.528212537578338 6.561920358119529 5.579775230450846 4.836438530505655 0.0 3.4327277655629946 6.160015685858858 4.191391120705953 3.5905434341850406
5.527618788024605 4.273296488013286 5.779684257671744 6.867883467769327 6.553481072682098 3.4327277655629946 0.0 4.301182375455173 6.44007918617721 3.639459421935861
6.228530958002104 5.732887052821606 3.850580622213397 3.169418129267876 4.891916304815614 6.160015685858858 4.301182375455173 0.0 4.623173214330321 5.8997829794849315
4.1591683206355565 5.135382055751187 6.020984109541566 5.6630596109686655 7.083232031827746 4.191391120705953 6.44007918617721 4.623173214330321 0.0 4.817142214777146
5.253654626607688 4.474921092503266 5.9019805491093855 3.4467635937651777 4.738005442175101 3.5905434341850406 3.639459421935861 5.8997829794849315 4.817142214777146 0.0
