14
0.0 1.2819026132592326 0.8795329511844063 3.1863676122267903 0.5128624256086001 1.3897750886317612 1.2819026132592326 0.5662578541563033 1.1067661354150784 0.7390544992599581 0.5128624256086001 1.1067661354150784 1.5413529120210452 3.1863676122267903
1.2819026132592326 0.0 0.5128624256086001 2.4482351297864255 0.3280462721214368 2.4482351297864255 0.5662578541563033 0.5128624256086001 0.5128624256086001 1.428122992100345 1.0566841469071349 0.5128624256086001 1.0566841469071349 2.71370648756408
0.8795329511844063 0.5128624256086001 0.0 1.0566841469071349 0.7390544992599581 0.7390544992599581 1.428122992100345 0.5662578541563033 2.71370648756408 2.71370648756408 1.3897750886317612 1.428122992100345 1.5413529120210452 2.71370648756408
3.1863676122267903 2.4482351297864255 1.0566841469071349 0.0 1.3897750886317612 1.2819026132592326 1.2819026132592326 1.3897750886317612 1.2819026132592326 2.71370648756408 1.0566841469071349 3.1863676122267903 2.71370648756408 1.3897750886317612
0.5128624256086001 0.3280462721214368 0.7390544992599581 1.3897750886317612 0.0 0.8795329511844063 2.71370648756408 1.0566841469071349 1.3897750886317612 0.5128624256086001 1.0566841469071349 1.1067661354150784 3.1863676122267903 1.3897750886317612
1.3897750886317612 2.4482351297864255 0.7390544992599581 1.2819026132592326 0.8795329511844063 0.0 0.8795329511844063 1.5413529120210452 1.3897750886317612 1.3897750886317612 3.1863676122267903 1.3897750886317612 1.428122992100345 1.3897750886317612
1.2819026132592326 0.5662578541563033 1.428122992100345 1.2819026132592326 2.71370648756408 0.8795329511844063 0.0 0.3280462721214368 0.7390544992599581 1.1067661354150784 2.4482351297864255 1.0566841469071349 1.2819026132592326 1.428122992100345
0.5662578541563033 0.5128624256086001 0.5662578541563033 1.3897750886317612 1.0566841469071349 1.5413529120210452 0.3280462721214368 0.0 0.3280462721214368 1.1067661354150784 1.5413529120210452 0.5662578541563033 1.2819026132592326 1.428122992100345
1.1067661354150784 0.5128624256086001 2.71370648756408 1.2819026132592326 1.3897750886317612 1.3897750886317612 0.7390544992599581 0.3280462721214368 0.0 2.4482351297864255 1.2819026132592326 0.7390544992599581 0.8795329511844063 2.71370648756408
0.7390544992599581 1.428122992100345 2.71370648756408 2.71370648756408 0.5128624256086001 1.3897750886317612 1.1067661354150784 1.1067661354150784 2.4482351297864255 0.0 1.1067661354150784 0.3280462721214368 0.5128624256086001 0.8795329511844063
0.5128624256086001 1.0566841469071349 1.3897750886317612 1.0566841469071349 1.0566841469071349 3.1863676122267903 2.4482351297864255 1.5413529120210452 1.2819026132592326 1.1067661354150784 0.0 1.3897750886317612 0.3280462721214368 1.1067661354150784
1.1067661354150784 0.5128624256086001 1.428122992100345 3.1863676122267903 1.1067661354150784 1.3897750886317612 1.0566841469071349 0.5662578541563033 0.7390544992599581 0.3280462721214368 1.3897750886317612 0.0 1.5413529120210452 2.71370648756408
1.5413529120210452 1.0566841469071349 1.5413529120210452 2.71370648756408 3.1863676122267903 1.428122992100345 1.2819026132592326 1.2819026132592326 0.8795329511844063 0.5128624256086001 0.3280462721214368 1.5413529120210452 0.0 2.71370648756408
3.1863676122267903 2.71370648756408 2.71370648756408 1.3897750886317612 1.3897750886317612 1.3897750886317612 1.428122992100345 1.428122992100345 2.71370648756408 0.8795329511844063 1.1067661354150784 2.71370648756408 2.71370648756408 0.0
