12
0.0 1.0088240246669447 1.112268750789783 0.07456343601380122 1.138168964113991 0.10463487300791874 0.8989718853543395 0.5268968383178669 0.5442503802996248 2.540935868002747 0.8154713039712509 0.0056132372057956514
1.0088240246669447 0.0 1.538242337989116 0.5862006448587358 2.2201684804053423 0.02525422098323893 1.0455773480260215 0.08895098929530942 1.569546368930426 0.3622640357802712 1.7883810826851865 1.2043969021655994
1.112268750789783 1.538242337989116 0.0 0.7530356070949278 0.08736133125842205 0.9582158825371073 0.4814099912631393 1.7674326531409563 0.4730005608391523 2.798303374942547 1.019197238651223 1.8867927528324024
0.07456343601380122 0.5862006448587358 0.7530356070949278 0.0 0.14265834194040883 0.0983558601593969 0.724136247482523 0.42123598490355885 1.186215687694309 0.3564676585801547 1.5714646251050057 1.7758486555143227
1.138168964113991 2.2201684804053423 0.08736133125842205 0.14265834194040883 0.0 1.8506404939371799 0.9160052283207561 1.1492770034195994 0.25478537941304946 0.2543931405319715 0.5492265252269276 1.1635539716475884
0.10463487300791874 0.02525422098323893 0.9582158825371073 0.0983558601593969 1.8506404939371799 0.0 0.7641893661839236 0.5307885354033575 0.9156768821469214 1.538638945779108 0.554248106943535 0.5345862060224735
0.8989718853543395 1.0455773480260215 0.4814099912631393 0.724136247482523 0.9160052283207561 0.7641893661839236 0.0 1.2692482902815079 2.1141385890907856 1.7096566295020796 1.465978469859159 2.322275533865866
0.5268968383178669 0.08895098929530942 1.7674326531409563 0.42123598490355885 1.1492770034195994 0.5307885354033575 1.2692482902815079 0.0 0.1895189849710578 0.2152112585837045 1.8917670270524136 1.8707648231104823
0.5442503802996248 1.569546368930426 0.4730005608391523 1.186215687694309 0.25478537941304946 0.9156768821469214 2.1141385890907856 0.1895189849710578 0.0 0.1609528848580265 2.1912860763028528 2.308813352223667
2.540935868002747 0.3622640357802712 2.798303374942547 0.3564676585801547 0.2543931405319715 1.538638945779108 1.7096566295020796 0.2152112585837045 0.1609528848580265 0.0 0.542071056415975 0.32248732450249584
0.8154713039712509 1.7883810826851865 1.019197238651223 1.5714646251050057 0.5492265252269276 0.554248106943535 1.465978469859159 1.8917670270524136 2.1912860763028528 0.542071056415975 0.0 3.1073618571003507
0.0056132372057956514 1.2043969021655994 1.8867927528324024 1.7758486555143227 1.1635539716475884 0.5345862060224735 2.322275533865866 1.8707648231104823 2.308813352223667 0.32248732450249584 3.1073618571003507 0.0
