20
0.0 1.5919277580050217 1.8093773609333517 0.5152265800527949 1.8093773609333517 1.060297585661868 1.215630258839835 1.060297585661868 0.5152265800527949 1.5919277580050217 1.3955056646853263 1.179758341536425 0.04430409459847129 0.3825999252724309 1.698534347651774 1.179758341536425 0.3825999252724309 1.0556097131058155 1.698534347651774 1.052437314874776
1.5919277580050217 0.0 1.5919277580050217 0.6205835840067385 1.1105441751648601 1.1105441751648601 1.1105441751648601 1.179758341536425 1.215630258839835 1.698534347651774 0.6569984865640554 1.1500994660205381 0.6569984865640554 1.0556097131058155 1.4443468850673198 1.8093773609333517 1.8093773609333517 1.3242565611898591 1.5919277580050217 1.8093773609333517
1.8093773609333517 1.5919277580050217 0.0 1.8093773609333517 1.8093773609333517 1.7991533522548728 1.052437314874776 1.060297585661868 1.3955056646853263 1.060297585661868 1.060297585661868 1.1500994660205381 0.6569984865640554 1.3242565611898591 1.0556097131058155 1.698534347651774 1.0556097131058155 0.6205835840067385 1.8093773609333517 1.5919277580050217
0.5152265800527949 0.6205835840067385 1.8093773609333517 0.0 1.9360561299601609 1.179758341536425 1.7991533522548728 1.215630258839835 1.3955056646853263 1.3242565611898591 1.215630258839835 1.3955056646853263 1.179758341536425 1.4443468850673198 1.1500994660205381 1.1500994660205381 0.04430409459847129 1.7991533522548728 0.04430409459847129 1.1105441751648601
1.8093773609333517 1.1105441751648601 1.8093773609333517 1.9360561299601609 0.0 1.179758341536425 1.060297585661868 1.7991533522548728 0.3825999252724309 1.060297585661868 1.052437314874776 1.8093773609333517 0.6205835840067385 1.698534347651774 0.04430409459847129 0.04430409459847129 0.6569984865640554 1.1105441751648601 1.3242565611898591 1.3242565611898591
1.060297585661868 1.1105441751648601 1.7991533522548728 1.179758341536425 1.179758341536425 0.0 0.6205835840067385 1.4443468850673198 1.1500994660205381 1.3242565611898591 1.4443468850673198 1.3955056646853263 0.6205835840067385 1.215630258839835 0.6569984865640554 1.7991533522548728 1.9360561299601609 1.698534347651774 1.052437314874776 1.1105441751648601
1.215630258839835 1.1105441751648601 1.052437314874776 1.7991533522548728 1.060297585661868 0.6205835840067385 0.0 1.698534347651774 1.8093773609333517 1.3242565611898591 0.3825999252724309 0.04430409459847129 1.3955056646853263 1.1500994660205381 1.7991533522548728 1.060297585661868 0.04430409459847129 1.1105441751648601 1.9360561299601609 0.6569984865640554
1.060297585661868 1.179758341536425 1.060297585661868 1.215630258839835 1.7991533522548728 1.4443468850673198 1.698534347651774 0.0 1.1500994660205381 0.6205835840067385 1.7991533522548728 1.1105441751648601 1.179758341536425 0.04430409459847129 1.060297585661868 0.6569984865640554 1.0556097131058155 1.060297585661868 1.1500994660205381 1.5919277580050217
0.5152265800527949 1.215630258839835 1.3955056646853263 1.3955056646853263 0.3825999252724309 1.1500994660205381 1.8093773609333517 1.1500994660205381 0.0 1.179758341536425 1.215630258839835 1.060297585661868 1.0556097131058155 1.9360561299601609 1.9360561299601609 1.5919277580050217 0.04430409459847129 1.060297585661868 1.052437314874776 1.9360561299601609
1.5919277580050217 1.698534347651774 1.060297585661868 1.3242565611898591 1.060297585661868 1.3242565611898591 1.3242565611898591 0.6205835840067385 1.179758341536425 0.0 1.4443468850673198 0.3825999252724309 1.4443468850673198 1.0556097131058155 1.060297585661868 0.5152265800527949 1.698534347651774 0.5152265800527949 1.060297585661868 1.9360561299601609
1.3955056646853263 0.6569984865640554 1.060297585661868 1.215630258839835 1.052437314874776 1.4443468850673198 0.3825999252724309 1.7991533522548728 1.215630258839835 1.4443468850673198 0.0 1.052437314874776 1.0556097131058155 0.6205835840067385 1.3242565611898591 1.5919277580050217 1.052437314874776 1.7991533522548728 1.3242565611898591 1.8093773609333517
1.179758341536425 1.1500994660205381 1.1500994660205381 1.3955056646853263 1.8093773609333517 1.3955056646853263 0.04430409459847129 1.1105441751648601 1.060297585661868 0.3825999252724309 1.052437314874776 0.0 1.0556097131058155 1.215630258839835 1.1500994660205381 1.215630258839835 1.9360561299601609 0.3825999252724309 1.3242565611898591 1.179758341536425
0.04430409459847129 0.6569984865640554 0.6569984865640554 1.179758341536425 0.6205835840067385 0.6205835840067385 1.3955056646853263 1.179758341536425 1.0556097131058155 1.4443468850673198 1.0556097131058155 1.0556097131058155 0.0 1.0556097131058155 1.060297585661868 0.6205835840067385 1.9360561299601609 1.8093773609333517 1.3242565611898591 1.1500994660205381
0.3825999252724309 1.0556097131058155 1.3242565611898591 1.4443468850673198 1.698534347651774 1.215630258839835 1.1500994660205381 0.04430409459847129 1.9360561299601609 1.0556097131058155 0.6205835840067385 1.215630258839835 1.0556097131058155 0.0 1.3955056646853263 1.1105441751648601 1.060297585661868 1.179758341536425 1.8093773609333517 1.215630258839835
1.698534347651774 1.4443468850673198 1.0556097131058155 1.1500994660205381 0.04430409459847129 0.6569984865640554 1.7991533522548728 1.060297585661868 1.9360561299601609 1.060297585661868 1.3242565611898591 1.1500994660205381 1.060297585661868 1.3955056646853263 0.0 0.5152265800527949 1.215630258839835 1.1500994660205381 1.060297585661868 1.0556097131058155
1.179758341536425 1.8093773609333517 1.698534347651774 1.1500994660205381 0.04430409459847129 1.7991533522548728 1.060297585661868 0.6569984865640554 1.5919277580050217 0.5152265800527949 1.5919277580050217 1.215630258839835 0.6205835840067385 1.1105441751648601 0.5152265800527949 0.0 0.5152265800527949 1.4443468850673198 1.8093773609333517 1.9360561299601609
0.3825999252724309 1.8093773609333517 1.0556097131058155 0.04430409459847129 0.6569984865640554 1.9360561299601609 0.04430409459847129 1.0556097131058155 0.04430409459847129 1.698534347651774 1.052437314874776 1.9360561299601609 1.9360561299601609 1.060297585661868 1.215630258839835 0.5152265800527949 0.0 0.6569984865640554 1.3955056646853263 1.052437314874776
1.0556097131058155 1.3242565611898591 0.6205835840067385 1.7991533522548728 1.1105441751648601 1.698534347651774 1.1105441751648601 1.060297585661868 1.060297585661868 0.5152265800527949 1.7991533522548728 0.3825999252724309 1.8093773609333517 1.179758341536425 1.1500994660205381 1.4443468850673198 0.6569984865640554 0.0 0.5152265800527949 1.9360561299601609
1.698534347651774 1.5919277580050217 1.8093773609333517 0.04430409459847129 1.3242565611898591 1.052437314874776 1.9360561299601609 1.1500994660205381 1.052437314874776 1.060297585661868 1.3242565611898591 1.3242565611898591 1.3242565611898591 1.8093773609333517 1.060297585661868 1.8093773609333517 1.3955056646853263 0.5152265800527949 0.0 1.5919277580050217
1.052437314874776 1.8093773609333517 1.5919277580050217 1.1105441751648601 1.3242565611898591 1.1105441751648601 0.6569984865640554 1.5919277580050217 1.9360561299601609 1.9360561299601609 1.8093773609333517 1.179758341536425 1.1500994660205381 1.215630258839835 1.0556097131058155 1.9360561299601609 1.052437314874776 1.9360561299601609 1.5919277580050217 0.0
