12
0.0 2.587469351024672 0.6454256665728666 0.6674763967092915 0.8513154087507722 0.028647986337591247 0.6674763967092915 0.6674763967092915 0.6174251178705124 0.3424551792428109 1.9802017495153859 0.3424551792428109
2.587469351024672 0.0 0.3424551792428109 2.8813537516253485 0.028647986337591247 2.587469351024672 2.8813537516253485 2.8813537516253485 1.9802017495153859 1.6398285444607952 0.6174251178705124 0.6174251178705124
0.6454256665728666 0.3424551792428109 0.0 0.028647986337591247 0.6454256665728666 2.587469351024672 0.8513154087507722 2.529550527234794 0.6174251178705124 2.49209544278035 2.587469351024672 0.6454256665728666
0.6674763967092915 2.8813537516253485 0.028647986337591247 0.0 0.6454256665728666 2.8813537516253485 0.3424551792428109 0.3424551792428109 1.6398285444607952 0.6454256665728666 0.6174251178705124 0.6454256665728666
0.8513154087507722 0.028647986337591247 0.6454256665728666 0.6454256665728666 0.0 2.49209544278035 2.8813537516253485 2.587469351024672 1.9802017495153859 0.6174251178705124 2.587469351024672 0.6454256665728666
0.028647986337591247 2.587469351024672 2.587469351024672 2.8813537516253485 2.49209544278035 0.0 1.6398285444607952 2.529550527234794 2.8813537516253485 0.8513154087507722 2.529550527234794 0.028647986337591247
0.6674763967092915 2.8813537516253485 0.8513154087507722 0.3424551792428109 2.8813537516253485 1.6398285444607952 0.0 0.3424551792428109 2.8813537516253485 0.8513154087507722 2.529550527234794 0.6454256665728666
0.6674763967092915 2.8813537516253485 2.529550527234794 0.3424551792428109 2.587469351024672 2.529550527234794 0.3424551792428109 0.0 0.8513154087507722 2.49209544278035 1.6398285444607952 2.49209544278035
0.6174251178705124 1.9802017495153859 0.6174251178705124 1.6398285444607952 1.9802017495153859 2.8813537516253485 2.8813537516253485 0.8513154087507722 0.0 0.3424551792428109 0.3424551792428109 0.028647986337591247
0.3424551792428109 1.6398285444607952 2.49209544278035 0.6454256665728666 0.6174251178705124 0.8513154087507722 0.8513154087507722 2.49209544278035 0.3424551792428109 0.0 0.3424551792428109 0.6674763967092915
1.9802017495153859 0.6174251178705124 2.587469351024672 0.6174251178705124 2.587469351024672 2.529550527234794 2.529550527234794 1.6398285444607952 0.3424551792428109 0.3424551792428109 0.0 1.9802017495153859
0.3424551792428109 0.6174251178705124 0.6454256665728666 0.6454256665728666 0.6454256665728666 0.028647986337591247 0.6454256665728666 2.49209544278035 0.028647986337591247 0.6674763967092915 1.9802017495153859 0.0
