10
0.0 0.31969755400127553 0.31969755400127553 0.7871488455093318 0.7871488455093318 0.7959732152364922 2.5790743514898997 1.7889397941946656 2.721235267888363 2.721235267888363
0.31969755400127553 0.0 0.7959732152364922 1.7889397941946656 0.7959732152364922 2.721235267888363 2.5790743514898997 1.7889397941946656 0.31969755400127553 2.721235267888363
0.31969755400127553 0.7959732152364922 0.0 2.5790743514898997 2.721235267888363 2.5790743514898997 1.7889397941946656 0.7871488455093318 0.7959732152364922 0.7871488455093318
0.7871488455093318 1.7889397941946656 2.5790743514898997 0.0 2.5790743514898997 2.721235267888363 2.5790743514898997 2.5790743514898997 2.721235267888363 0.7959732152364922
0.7871488455093318 0.7959732152364922 2.721235267888363 2.5790743514898997 0.0 0.7959732152364922 0.31969755400127553 0.31969755400127553 0.7871488455093318 0.31969755400127553
0.7959732152364922 2.721235267888363 2.5790743514898997 2.721235267888363 0.7959732152364922 0.0 0.31969755400127553 0.7871488455093318 0.7959732152364922 1.7889397941946656
2.5790743514898997 2.5790743514898997 1.7889397941946656 2.5790743514898997 0.31969755400127553 0.31969755400127553 0.0 1.7889397941946656 0.31969755400127553 0.7871488455093318
1.7889397941946656 1.7889397941946656 0.7871488455093318 2.5790743514898997 0.31969755400127553 0.7871488455093318 1.7889397941946656 0.0 0.7959732152364922 1.7889397941946656
2.721235267888363 0.31969755400127553 0.7959732152364922 2.721235267888363 0.7871488455093318 0.7959732152364922 0.31969755400127553 0.7959732152364922 0.0 1.7889397941946656
2.721235267888363 2.721235267888363 0.7871488455093318 0.7959732152364922 0.31969755400127553 1.7889397941946656 0.7871488455093318 1.7889397941946656 1.7889397941946656 0.0
