10
0.0 0.13572361332324823 2.1178297561106203 2.250618975849961 2.250618975849961 2.1178297561106203 2.4813796211741646 0.13572361332324823 0.31056315799114675 0.3421419140085218
0.13572361332324823 0.0 0.13572361332324823 0.31056315799114675 2.1178297561106203 0.13572361332324823 0.3421419140085218 0.3421419140085218 2.250618975849961 0.31056315799114675
2.1178297561106203 0.13572361332324823 0.0 0.3421419140085218 2.1178297561106203 2.250618975849961 2.1178297561106203 2.250618975849961 1.8034382801184203 2.1178297561106203
2.250618975849961 0.31056315799114675 0.3421419140085218 0.0 0.9305422917745851 1.6157330113709003 1.562923247322981 2.250618975849961 0.3421419140085218 0.13572361332324823
2.250618975849961 2.1178297561106203 2.1178297561106203 0.9305422917745851 0.0 1.562923247322981 2.1178297561106203 1.8034382801184203 1.8034382801184203 2.4813796211741646
2.1178297561106203 0.13572361332324823 2.250618975849961 1.6157330113709003 1.562923247322981 0.0 1.6157330113709003 0.9305422917745851 1.6157330113709003 0.9305422917745851
2.4813796211741646 0.3421419140085218 2.1178297561106203 1.562923247322981 2.1178297561106203 1.6157330113709003 0.0 2.4813796211741646 1.8034382801184203 0.3421419140085218
0.13572361332324823 0.3421419140085218 2.250618975849961 2.250618975849961 1.8034382801184203 0.9305422917745851 2.4813796211741646 0.0 2.250618975849961 2.250618975849961
0.31056315799114675 2.250618975849961 1.8034382801184203 0.3421419140085218 1.8034382801184203 1.6157330113709003 1.8034382801184203 2.250618975849961 0.0 2.4813796211741646
0.3421419140085218 0.31056315799114675 2.1178297561106203 0.13572361332324823 2.4813796211741646 0.9305422917745851 0.3421419140085218 2.250618975849961 2.4813796211741646 0.0
