15
0.0 12.686132352524439 15.704083282578035 12.686132352524439 19.444705973341307 21.10115700844135 21.78749753664029 15.704083282578035 12.249840621877205 12.041565730095812 21.78749753664029 12.041565730095812 20.386293029192924 23.089947013100385 21.78749753664029
12.686132352524439 0.0 23.089947013100385 12.249840621877205 23.089947013100385 12.249840621877205 15.391020776270297 20.386293029192924 9.76036248537396 19.444705973341307 21.78749753664029 12.041565730095812 13.501018975140486 17.466803176787597 13.501018975140486
15.704083282578035 23.089947013100385 0.0 20.386293029192924 15.704083282578035 21.10115700844135 15.391020776270297 12.249840621877205 21.10115700844135 9.76036248537396 19.444705973341307 12.041565730095812 23.089947013100385 21.10115700844135 21.78749753664029
12.686132352524439 12.249840621877205 20.386293029192924 0.0 16.667474130334856 15.704083282578035 20.386293029192924 17.994010174073765 17.466803176787597 12.249840621877205 19.444705973341307 16.667474130334856 20.386293029192924 21.10115700844135 16.667474130334856
19.444705973341307 23.089947013100385 15.704083282578035 16.667474130334856 0.0 15.704083282578035 17.466803176787597 12.249840621877205 15.391020776270297 21.78749753664029 15.391020776270297 17.994010174073765 17.466803176787597 17.994010174073765 21.78749753664029
21.10115700844135 12.249840621877205 21.10115700844135 15.704083282578035 15.704083282578035 0.0 16.667474130334856 19.444705973341307 21.78749753664029 19.444705973341307 15.704083282578035 12.249840621877205 17.466803176787597 21.10115700844135 12.249840621877205
21.78749753664029 15.391020776270297 15.391020776270297 20.386293029192924 17.466803176787597 16.667474130334856 0.0 13.501018975140486 13.501018975140486 21.10115700844135 12.686132352524439 17.466803176787597 17.994010174073765 12.249840621877205 23.089947013100385
15.704083282578035 20.386293029192924 12.249840621877205 17.994010174073765 12.249840621877205 19.444705973341307 13.501018975140486 0.0 13.501018975140486 9.76036248537396 13.501018975140486 9.76036248537396 21.10115700844135 13.501018975140486 23.089947013100385
12.249840621877205 9.76036248537396 21.10115700844135 17.466803176787597 15.391020776270297 21.78749753664029 13.501018975140486 13.501018975140486 0.0 12.041565730095812 15.391020776270297 21.10115700844135 15.391020776270297 9.76036248537396 15.704083282578035
12.041565730095812 19.444705973341307 9.76036248537396 12.249840621877205 21.78749753664029 19.444705973341307 21.10115700844135 9.76036248537396 12.041565730095812 0.0 9.76036248537396 15.704083282578035 12.686132352524439 15.704083282578035 12.686132352524439
21.78749753664029 21.78749753664029 19.444705973341307 19.444705973341307 15.391020776270297 15.704083282578035 12.686132352524439 13.501018975140486 15.391020776270297 9.76036248537396 0.0 15.391020776270297 15.391020776270297 21.10115700844135 16.667474130334856
12.041565730095812 12.041565730095812 12.041565730095812 16.667474130334856 17.994010174073765 12.249840621877205 17.466803176787597 9.76036248537396 21.10115700844135 15.704083282578035 15.391020776270297 0.0 19.444705973341307 12.249840621877205 20.386293029192924
20.386293029192924 13.501018975140486 23.089947013100385 20.386293029192924 17.466803176787597 17.466803176787597 17.994010174073765 21.10115700844135 15.391020776270297 12.686132352524439 15.391020776270297 19.444705973341307 0.0 21.78749753664029 15.704083282578035
23.089947013100385 17.466803176787597 21.10115700844135 21.10115700844135 17.994010174073765 21.10115700844135 12.249840621877205 13.501018975140486 9.76036248537396 15.704083282578035 21.10115700844135 12.249840621877205 21.78749753664029 0.0 19.444705973341307
21.78749753664029 13.501018975140486 21.78749753664029 16.667474130334856 21.78749753664029 12.249840621877205 23.089947013100385 23.089947013100385 15.704083282578035 12.686132352524439 16.667474130334856 20.386293029192924 15.704083282578035 19.444705973341307 0.0
