10
0.0 2.611354520384137 2.611354520384137 1.6554360721810872 2.611354520384137 2.611354520384137 2.611354520384137 2.611354520384137 1.6554360721810872 1.6554360721810872
2.611354520384137 0.0 2.611354520384137 2.611354520384137 1.6554360721810872 2.611354520384137 1.6554360721810872 2.611354520384137 2.611354520384137 2.611354520384137
2.611354520384137 2.611354520384137 0.0 2.611354520384137 1.6554360721810872 1.6554360721810872 2.611354520384137 1.6554360721810872 2.611354520384137 1.6554360721810872
1.6554360721810872 2.611354520384137 2.611354520384137 0.0 1.6554360721810872 2.611354520384137 1.6554360721810872 1.6554360721810872 2.611354520384137 1.6554360721810872
2.611354520384137 1.6554360721810872 1.6554360721810872 1.6554360721810872 0.0 2.611354520384137 1.6554360721810872 1.6554360721810872 1.6554360721810872 2.611354520384137
2.611354520384137 2.611354520384137 1.6554360721810872 2.611354520384137 2.611354520384137 0.0 2.611354520384137 2.611354520384137 2.611354520384137 1.6554360721810872
2.611354520384137 1.6554360721810872 2.611354520384137 1.6554360721810872 1.6554360721810872 2.611354520384137 0.0 2.611354520384137 1.6554360721810872 1.6554360721810872
2.611354520384137 2.611354520384137 1.6554360721810872 1.6554360721810872 1.6554360721810872 2.611354520384137 2.611354520384137 0.0 2.611354520384137 2.611354520384137
1.6554360721810872 2.611354520384137 2.611354520384137 2.611354520384137 1.6554360721810872 2.611354520384137 1.6554360721810872 2.611354520384137 0.0 1.6554360721810872
1.6554360721810872 2.611354520384137 1.6554360721810872 1.6554360721810872 2.611354520384137 1.6554360721810872 1.6554360721810872 2.611354520384137 1.6554360721810872 0.0
