15
0.0 25.6161165534277 16.747075538598217 15.99154110730301 18.748057010876078 16.40461197746377 20.214761008966835 16.747075538598217 24.444795764787404 25.6161165534277 24.210799126000303 24.444795764787404 20.66721577067249 25.15616009546529 16.691321118256724
25.6161165534277 0.0 20.27970026690931 25.6161165534277 16.691321118256724 15.99154110730301 18.748057010876078 25.15616009546529 15.99154110730301 24.444795764787404 18.35249898289564 20.27970026690931 25.15616009546529 16.40461197746377 16.40461197746377
16.747075538598217 20.27970026690931 0.0 25.15616009546529 24.539983217761982 13.607789470498549 24.539983217761982 16.691321118256724 24.210799126000303 20.214761008966835 25.6161165534277 15.99154110730301 16.691321118256724 18.748057010876078 16.691321118256724
15.99154110730301 25.6161165534277 25.15616009546529 0.0 16.40461197746377 16.747075538598217 24.539983217761982 16.747075538598217 25.6161165534277 24.539983217761982 16.40461197746377 20.214761008966835 20.66721577067249 16.747075538598217 24.444795764787404
18.748057010876078 16.691321118256724 24.539983217761982 16.40461197746377 0.0 24.444795764787404 18.35249898289564 25.15616009546529 13.607789470498549 20.27970026690931 13.607789470498549 16.40461197746377 13.607789470498549 18.748057010876078 24.444795764787404
16.40461197746377 15.99154110730301 13.607789470498549 16.747075538598217 24.444795764787404 0.0 24.210799126000303 24.539983217761982 18.35249898289564 16.40461197746377 18.35249898289564 24.210799126000303 16.40461197746377 13.607789470498549 24.444795764787404
20.214761008966835 18.748057010876078 24.539983217761982 24.539983217761982 18.35249898289564 24.210799126000303 0.0 16.691321118256724 25.15616009546529 16.40461197746377 24.210799126000303 15.99154110730301 16.691321118256724 18.748057010876078 15.99154110730301
16.747075538598217 25.15616009546529 16.691321118256724 16.747075538598217 25.15616009546529 24.539983217761982 16.691321118256724 0.0 24.444795764787404 24.444795764787404 16.747075538598217 18.748057010876078 16.691321118256724 20.66721577067249 20.27970026690931
24.444795764787404 15.99154110730301 24.210799126000303 25.6161165534277 13.607789470498549 18.35249898289564 25.15616009546529 24.444795764787404 0.0 24.210799126000303 16.40461197746377 13.607789470498549 15.99154110730301 18.748057010876078 18.35249898289564
25.6161165534277 24.444795764787404 20.214761008966835 24.539983217761982 20.27970026690931 16.40461197746377 16.40461197746377 24.444795764787404 24.210799126000303 0.0 20.66721577067249 24.210799126000303 16.747075538598217 20.214761008966835 20.27970026690931
24.210799126000303 18.35249898289564 25.6161165534277 16.40461197746377 13.607789470498549 18.35249898289564 24.210799126000303 16.747075538598217 16.40461197746377 20.66721577067249 0.0 25.6161165534277 13.607789470498549 13.607789470498549 20.27970026690931
24.444795764787404 20.27970026690931 15.99154110730301 20.214761008966835 16.40461197746377 24.210799126000303 15.99154110730301 18.748057010876078 13.607789470498549 24.210799126000303 25.6161165534277 0.0 18.748057010876078 18.35249898289564 20.214761008966835
20.66721577067249 25.15616009546529 16.691321118256724 20.66721577067249 13.607789470498549 16.40461197746377 16.691321118256724 16.691321118256724 15.99154110730301 16.747075538598217 13.607789470498549 18.748057010876078 0.0 20.66721577067249 15.99154110730301
25.15616009546529 16.40461197746377 18.748057010876078 16.747075538598217 18.748057010876078 13.607789470498549 18.748057010876078 20.66721577067249 18.748057010876078 20.214761008966835 13.607789470498549 18.35249898289564 20.66721577067249 0.0 25.6161165534277
16.691321118256724 16.40461197746377 16.691321118256724 24.444795764787404 24.444795764787404 24.444795764787404 15.99154110730301 20.27970026690931 18.35249898289564 20.27970026690931 20.27970026690931 20.214761008966835 15.99154110730301 25.6161165534277 0.0
