10
0.0 36.37982250778268 93.281243802635 34.53659696060858 59.135325780917455 80.79086421200397 49.31686324427022 76.55481032451412 97.46562610909399 76.89646054658974
36.37982250778268 0.0 77.97128735526502 45.514629105951435 66.18556324522618 87.63815547030848 37.1173253210676 71.85695191077222 64.55973637844059 57.254373877052004
93.281243802635 77.97128735526502 0.0 52.337305742331736 60.882484435081814 56.032296506209946 49.66020979321914 42.01000887070268 4.336793144229858 23.134412517697022
34.53659696060858 45.514629105951435 52.337305742331736 0.0 84.25711998909394 3.635718280572455 46.60956903420146 62.985271521247896 57.49420461533588 36.3136644629359
59.135325780917455 66.18556324522618 60.882484435081814 84.25711998909394 0.0 69.70874815851018 42.50420893073842 69.29196566531046 65.4496860379962 32.90337310878523
80.79086421200397 87.63815547030848 56.032296506209946 3.635718280572455 69.70874815851018 0.0 36.92907562896227 83.37420419601608 59.14023348992029 66.07669108523523
49.31686324427022 37.1173253210676 49.66020979321914 46.60956903420146 42.50420893073842 36.92907562896227 0.0 32.14865954815562 56.90889758820616 46.884123772898235
76.55481032451412 71.85695191077222 42.01000887070268 62.985271521247896 69.29196566531046 83.37420419601608 32.14865954815562 0.0 32.11183433642435 40.400289874900736
97.46562610909399 64.55973637844059 4.336793144229858 57.49420461533588 65.4496860379962 59.14023348992029 56.90889758820616 32.11183433642435 0.0 52.52443316261568
76.89646054658974 57.254373877052004 23.134412517697022 36.3136644629359 32.90337310878523 66.07669108523523 46.884123772898235 40.400289874900736 52.52443316261568 0.0
