18
0.0 2.295779337011587 0.3952290938193048 2.295779337011587 2.295779337011587 2.295779337011587 1.5748772751619555 2.2336041928574413 2.295779337011587 0.2804385921111632 0.040323244356149424 1.2267541072960377 1.5748772751619555 0.2804385921111632 1.92763893640777 0.4708472126841795 0.7102310101351728 0.040323244356149424
2.295779337011587 0.0 2.2336041928574413 2.83684858433546 0.23711204432770527 0.09591163608744824 0.040323244356149424 0.272130341247683 0.7172901029589428 0.272130341247683 1.5748772751619555 0.7172901029589428 1.507518219532825 0.272130341247683 2.119204934509785 0.040323244356149424 1.5748772751619555 1.5748772751619555
0.3952290938193048 2.2336041928574413 0.0 0.2804385921111632 0.6005882820646853 0.272130341247683 0.23711204432770527 0.09591163608744824 0.7102310101351728 2.295779337011587 0.23711204432770527 0.3952290938193048 0.23711204432770527 1.2267541072960377 0.2804385921111632 0.4708472126841795 0.2804385921111632 0.040323244356149424
2.295779337011587 2.83684858433546 0.2804385921111632 0.0 1.5748772751619555 0.23711204432770527 2.119204934509785 0.2804385921111632 0.2804385921111632 0.7172901029589428 0.6005882820646853 0.09591163608744824 0.7172901029589428 0.7172901029589428 0.7102310101351728 0.3952290938193048 2.119204934509785 2.119204934509785
2.295779337011587 0.23711204432770527 0.6005882820646853 1.5748772751619555 0.0 2.119204934509785 0.040323244356149424 0.23711204432770527 0.7102310101351728 1.5748772751619555 2.295779337011587 2.295779337011587 1.5748772751619555 0.4708472126841795 2.295779337011587 2.2336041928574413 1.5748772751619555 0.2804385921111632
2.295779337011587 0.09591163608744824 0.272130341247683 0.23711204432770527 2.119204934509785 0.0 0.6005882820646853 1.2267541072960377 0.4708472126841795 2.2336041928574413 2.83684858433546 2.2336041928574413 2.119204934509785 0.6005882820646853 0.040323244356149424 1.2267541072960377 0.7102310101351728 0.272130341247683
1.5748772751619555 0.040323244356149424 0.23711204432770527 2.119204934509785 0.040323244356149424 0.6005882820646853 0.0 2.83684858433546 2.295779337011587 0.23711204432770527 2.295779337011587 1.507518219532825 0.040323244356149424 0.4708472126841795 2.2336041928574413 1.507518219532825 1.92763893640777 0.09591163608744824
2.2336041928574413 0.272130341247683 0.09591163608744824 0.2804385921111632 0.23711204432770527 1.2267541072960377 2.83684858433546 0.0 2.295779337011587 0.09591163608744824 1.5748772751619555 0.23711204432770527 1.5748772751619555 0.4708472126841795 0.040323244356149424 0.09591163608744824 0.4708472126841795 2.119204934509785
2.295779337011587 0.7172901029589428 0.7102310101351728 0.2804385921111632 0.7102310101351728 0.4708472126841795 2.295779337011587 2.295779337011587 0.0 0.7102310101351728 2.2336041928574413 0.040323244356149424 2.2336041928574413 2.119204934509785 2.119204934509785 0.040323244356149424 1.5748772751619555 1.507518219532825
0.2804385921111632 0.272130341247683 2.295779337011587 0.7172901029589428 1.5748772751619555 2.2336041928574413 0.23711204432770527 0.09591163608744824 0.7102310101351728 0.0 2.2336041928574413 0.7172901029589428 0.040323244356149424 2.2336041928574413 0.7172901029589428 0.272130341247683 1.2267541072960377 0.2804385921111632
0.040323244356149424 1.5748772751619555 0.23711204432770527 0.6005882820646853 2.295779337011587 2.83684858433546 2.295779337011587 1.5748772751619555 2.2336041928574413 2.2336041928574413 0.0 0.23711204432770527 2.2336041928574413 2.83684858433546 0.3952290938193048 2.119204934509785 1.92763893640777 2.83684858433546
1.2267541072960377 0.7172901029589428 0.3952290938193048 0.09591163608744824 2.295779337011587 2.2336041928574413 1.507518219532825 0.23711204432770527 0.040323244356149424 0.7172901029589428 0.23711204432770527 0.0 0.2804385921111632 0.7102310101351728 1.5748772751619555 0.4708472126841795 0.2804385921111632 0.272130341247683
1.5748772751619555 1.507518219532825 0.23711204432770527 0.7172901029589428 1.5748772751619555 2.119204934509785 0.040323244356149424 1.5748772751619555 2.2336041928574413 0.040323244356149424 2.2336041928574413 0.2804385921111632 0.0 1.2267541072960377 2.2336041928574413 0.09591163608744824 2.2336041928574413 0.272130341247683
0.2804385921111632 0.272130341247683 1.2267541072960377 0.7172901029589428 0.4708472126841795 0.6005882820646853 0.4708472126841795 0.4708472126841795 2.119204934509785 2.2336041928574413 2.83684858433546 0.7102310101351728 1.2267541072960377 0.0 0.6005882820646853 1.5748772751619555 0.272130341247683 1.2267541072960377
1.92763893640777 2.119204934509785 0.2804385921111632 0.7102310101351728 2.295779337011587 0.040323244356149424 2.2336041928574413 0.040323244356149424 2.119204934509785 0.7172901029589428 0.3952290938193048 1.5748772751619555 2.2336041928574413 0.6005882820646853 0.0 0.272130341247683 2.2336041928574413 1.507518219532825
0.4708472126841795 0.040323244356149424 0.4708472126841795 0.3952290938193048 2.2336041928574413 1.2267541072960377 1.507518219532825 0.09591163608744824 0.040323244356149424 0.272130341247683 2.119204934509785 0.4708472126841795 0.09591163608744824 1.5748772751619555 0.272130341247683 0.0 0.6005882820646853 1.507518219532825
0.7102310101351728 1.5748772751619555 0.2804385921111632 2.119204934509785 1.5748772751619555 0.7102310101351728 1.92763893640777 0.4708472126841795 1.5748772751619555 1.2267541072960377 1.92763893640777 0.2804385921111632 2.2336041928574413 0.272130341247683 2.2336041928574413 0.6005882820646853 0.0 2.83684858433546
0.040323244356149424 1.5748772751619555 0.040323244356149424 2.119204934509785 0.2804385921111632 0.272130341247683 0.09591163608744824 2.119204934509785 1.507518219532825 0.2804385921111632 2.83684858433546 0.272130341247683 0.272130341247683 1.2267541072960377 1.507518219532825 1.507518219532825 2.83684858433546 0.0
