10
0.0 0.16393066721970473 0.16393066721970473 0.6339175503781784 2.066603281050239 0.6339175503781784 0.6329511068026399 1.8593333633026277 0.6329511068026399 0.756855355948021
0.16393066721970473 0.0 0.6329511068026399 0.6009043584675585 0.756855355948021 1.3682598590240065 0.756855355948021 0.6339175503781784 0.6339175503781784 2.066603281050239
0.16393066721970473 0.6329511068026399 0.0 0.6009043584675585 0.16393066721970473 0.6009043584675585 0.6339175503781784 0.6009043584675585 1.8593333633026277 0.6009043584675585
0.6339175503781784 0.6009043584675585 0.6009043584675585 0.0 0.6329511068026399 2.066603281050239 0.6009043584675585 1.8593333633026277 0.6339175503781784 0.16393066721970473
2.066603281050239 0.756855355948021 0.16393066721970473 0.6329511068026399 0.0 0.6329511068026399 0.6329511068026399 0.6339175503781784 2.066603281050239 1.8593333633026277
0.6339175503781784 1.3682598590240065 0.6009043584675585 2.066603281050239 0.6329511068026399 0.0 2.066603281050239 0.756855355948021 2.066603281050239 0.16393066721970473
0.6329511068026399 0.756855355948021 0.6339175503781784 0.6009043584675585 0.6329511068026399 2.066603281050239 0.0 0.6009043584675585 1.3682598590240065 0.16393066721970473
1.8593333633026277 0.6339175503781784 0.6009043584675585 1.8593333633026277 0.6339175503781784 0.756855355948021 0.6009043584675585 0.0 0.16393066721970473 1.3682598590240065
0.6329511068026399 0.6339175503781784 1.8593333633026277 0.6339175503781784 2.066603281050239 2.066603281050239 1.3682598590240065 0.16393066721970473 0.0 1.8593333633026277
0.756855355948021 2.066603281050239 0.6009043584675585 0.16393066721970473 1.8593333633026277 0.16393066721970473 0.16393066721970473 1.3682598590240065 1.8593333633026277 0.0
