20
0.0 0.20551807733559735 0.20551807733559735 0.49243996729008976 0.2715441008774624 1.967555433987345 0.26007780328781305 0.31124226731127536 1.8995676368425745 0.6053211738055577 1.7593960869966638 1.8995676368425745 0.49243996729008976 0.1919326662533518 1.1961959703721974 0.03132278532181476 0.09047691010999515 1.2621487173416317 1.1961959703721974 1.967555433987345
0.20551807733559735 0.0 1.8995676368425745 1.1961959703721974 0.49243996729008976 2.114587612228983 3.3369085950781856 0.6053211738055577 1.1961959703721974 0.2715441008774624 1.2621487173416317 0.26007780328781305 0.1919326662533518 0.49243996729008976 0.49243996729008976 0.6053211738055577 1.139171747537188 1.2428091260222074 0.31124226731127536 0.2715441008774624
0.20551807733559735 1.8995676368425745 0.0 0.26007780328781305 1.2621487173416317 0.09047691010999515 1.8995676368425745 1.967555433987345 1.8995676368425745 1.1961959703721974 1.2428091260222074 1.967555433987345 0.20551807733559735 0.28664117549934576 1.2621487173416317 0.1919326662533518 0.49243996729008976 1.1961959703721974 0.26007780328781305 1.2428091260222074
0.49243996729008976 1.1961959703721974 0.26007780328781305 0.0 0.1919326662533518 1.8995676368425745 0.4455831592465047 1.7593960869966638 0.20551807733559735 0.09047691010999515 2.114587612228983 0.4455831592465047 1.8995676368425745 0.20551807733559735 0.31124226731127536 0.26007780328781305 0.4455831592465047 0.2715441008774624 1.967555433987345 3.3369085950781856
0.2715441008774624 0.49243996729008976 1.2621487173416317 0.1919326662533518 0.0 0.1919326662533518 1.139171747537188 1.139171747537188 1.7593960869966638 0.1919326662533518 0.26007780328781305 1.139171747537188 0.4455831592465047 0.28664117549934576 2.114587612228983 1.967555433987345 0.26007780328781305 1.8995676368425745 0.26007780328781305 3.3369085950781856
1.967555433987345 2.114587612228983 0.09047691010999515 1.8995676368425745 0.1919326662533518 0.0 0.49243996729008976 0.4455831592465047 1.1961959703721974 0.09047691010999515 0.03132278532181476 1.967555433987345 1.967555433987345 1.7593960869966638 0.49243996729008976 1.7593960869966638 0.09047691010999515 1.139171747537188 1.1961959703721974 0.1919326662533518
0.26007780328781305 3.3369085950781856 1.8995676368425745 0.4455831592465047 1.139171747537188 0.49243996729008976 0.0 0.03132278532181476 1.7593960869966638 0.2715441008774624 1.8995676368425745 1.139171747537188 0.28664117549934576 0.31124226731127536 1.1961959703721974 0.49243996729008976 0.09047691010999515 1.2621487173416317 1.1961959703721974 0.28664117549934576
0.31124226731127536 0.6053211738055577 1.967555433987345 1.7593960869966638 1.139171747537188 0.4455831592465047 0.03132278532181476 0.0 1.2621487173416317 1.2621487173416317 1.8995676368425745 1.2621487173416317 0.49243996729008976 1.8995676368425745 1.7593960869966638 0.31124226731127536 0.31124226731127536 1.1961959703721974 2.114587612228983 1.2621487173416317
1.8995676368425745 1.1961959703721974 1.8995676368425745 0.20551807733559735 1.7593960869966638 1.1961959703721974 1.7593960869966638 1.2621487173416317 0.0 0.1919326662533518 1.967555433987345 0.09047691010999515 3.3369085950781856 0.2715441008774624 0.28664117549934576 0.4455831592465047 0.03132278532181476 3.3369085950781856 1.8995676368425745 1.967555433987345
0.6053211738055577 0.2715441008774624 1.1961959703721974 0.09047691010999515 0.1919326662533518 0.09047691010999515 0.2715441008774624 1.2621487173416317 0.1919326662533518 0.0 1.139171747537188 2.114587612228983 0.31124226731127536 0.6053211738055577 0.6053211738055577 0.09047691010999515 0.31124226731127536 0.2715441008774624 0.09047691010999515 0.2715441008774624
1.7593960869966638 1.2621487173416317 1.2428091260222074 2.114587612228983 0.26007780328781305 0.03132278532181476 1.8995676368425745 1.8995676368425745 1.967555433987345 1.139171747537188 0.0 0.4455831592465047 0.2715441008774624 0.28664117549934576 0.28664117549934576 0.31124226731127536 0.09047691010999515 0.20551807733559735 0.6053211738055577 0.28664117549934576
1.8995676368425745 0.26007780328781305 1.967555433987345 0.4455831592465047 1.139171747537188 1.967555433987345 1.139171747537188 1.2621487173416317 0.09047691010999515 2.114587612228983 0.4455831592465047 0.0 0.26007780328781305 2.114587612228983 0.31124226731127536 0.6053211738055577 0.49243996729008976 1.967555433987345 0.1919326662533518 0.09047691010999515
0.49243996729008976 0.1919326662533518 0.20551807733559735 1.8995676368425745 0.4455831592465047 1.967555433987345 0.28664117549934576 0.49243996729008976 3.3369085950781856 0.31124226731127536 0.2715441008774624 0.26007780328781305 0.0 0.20551807733559735 0.6053211738055577 1.7593960869966638 0.09047691010999515 0.6053211738055577 0.4455831592465047 0.2715441008774624
0.1919326662533518 0.49243996729008976 0.28664117549934576 0.20551807733559735 0.28664117549934576 1.7593960869966638 0.31124226731127536 1.8995676368425745 0.2715441008774624 0.6053211738055577 0.28664117549934576 2.114587612228983 0.20551807733559735 0.0 0.49243996729008976 0.26007780328781305 2.114587612228983 1.7593960869966638 2.114587612228983 0.4455831592465047
1.1961959703721974 0.49243996729008976 1.2621487173416317 0.31124226731127536 2.114587612228983 0.49243996729008976 1.1961959703721974 1.7593960869966638 0.28664117549934576 0.6053211738055577 0.28664117549934576 0.31124226731127536 0.6053211738055577 0.49243996729008976 0.0 1.7593960869966638 0.26007780328781305 0.6053211738055577 1.2428091260222074 2.114587612228983
0.03132278532181476 0.6053211738055577 0.1919326662533518 0.26007780328781305 1.967555433987345 1.7593960869966638 0.49243996729008976 0.31124226731127536 0.4455831592465047 0.09047691010999515 0.31124226731127536 0.6053211738055577 1.7593960869966638 0.26007780328781305 1.7593960869966638 0.0 0.2715441008774624 1.2621487173416317 1.1961959703721974 0.2715441008774624
0.09047691010999515 1.139171747537188 0.49243996729008976 0.4455831592465047 0.26007780328781305 0.09047691010999515 0.09047691010999515 0.31124226731127536 0.03132278532181476 0.31124226731127536 0.09047691010999515 0.49243996729008976 0.09047691010999515 2.114587612228983 0.26007780328781305 0.2715441008774624 0.0 0.03132278532181476 1.1961959703721974 0.6053211738055577
1.2621487173416317 1.2428091260222074 1.1961959703721974 0.2715441008774624 1.8995676368425745 1.139171747537188 1.2621487173416317 1.1961959703721974 3.3369085950781856 0.2715441008774624 0.20551807733559735 1.967555433987345 0.6053211738055577 1.7593960869966638 0.6053211738055577 1.2621487173416317 0.03132278532181476 0.0 1.7593960869966638 1.967555433987345
1.1961959703721974 0.31124226731127536 0.26007780328781305 1.967555433987345 0.26007780328781305 1.1961959703721974 1.1961959703721974 2.114587612228983 1.8995676368425745 0.09047691010999515 0.6053211738055577 0.1919326662533518 0.4455831592465047 2.114587612228983 1.2428091260222074 1.1961959703721974 1.1961959703721974 1.7593960869966638 0.0 1.2621487173416317
1.967555433987345 0.2715441008774624 1.2428091260222074 3.3369085950781856 3.3369085950781856 0.1919326662533518 0.28664117549934576 1.2621487173416317 1.967555433987345 0.2715441008774624 0.28664117549934576 0.09047691010999515 0.2715441008774624 0.4455831592465047 2.114587612228983 0.2715441008774624 0.6053211738055577 1.967555433987345 1.2621487173416317 0.0
