10
0.0 70.14628625127061 114.62786853316003 56.98914944809782 115.75753778139469 20.515627181008107 45.7503307772572 52.517142409482304 94.88021790122379 49.047182044840845
70.14628625127061 0.0 21.02216559984774 22.652393565692325 63.38906851011121 86.7050431453558 7.796060146650454 68.67541973991993 87.15683685239085 11.952897993836729
114.62786853316003 21.02216559984774 0.0 63.0270702980715 85.14159984881816 34.194985334167434 34.352703369132556 88.9490400397454 19.81161293481523 49.366202362106804
56.98914944809782 22.652393565692325 63.0270702980715 0.0 78.32087914136372 80.72462850630106 32.415162411645156 42.74688329694662 28.74379934539152 77.57763087810858
115.75753778139469 63.38906851011121 85.14159984881816 78.32087914136372 0.0 0.28195000933848036 23.530787882368614 66.99354510565777 38.358962995804106 41.01736791584648
20.515627181008107 86.7050431453558 34.194985334167434 80.72462850630106 0.28195000933848036 0.0 63.91369036577826 13.250076356526527 83.25098891291002 53.50876794943906
45.7503307772572 7.796060146650454 34.352703369132556 32.415162411645156 23.530787882368614 63.91369036577826 0.0 75.3346552342641 44.29534160741025 52.15788547802951
52.517142409482304 68.67541973991993 88.9490400397454 42.74688329694662 66.99354510565777 13.250076356526527 75.3346552342641 0.0 34.58973820874823 23.76370069564444
94.88021790122379 87.15683685239085 19.81161293481523 28.74379934539152 38.358962995804106 83.25098891291002 44.29534160741025 34.58973820874823 0.0 94.32043363436922
49.047182044840845 11.952897993836729 49.366202362106804 77.57763087810858 41.01736791584648 53.50876794943906 52.15788547802951 23.76370069564444 94.32043363436922 0.0
