20
0.0 0.6426087469184332 0.8404966371919568 1.0471933906517292 1.0874322787345483 0.689417698410754 0.7620711817518406 1.131391053036836 0.7021110255845893 1.8558636626071816 1.0471933906517292 1.4504863226928608 1.8558636626071816 1.0874322787345483 1.1747329002829998 1.5232817702836585 0.7620711817518406 1.6505057022771403 0.689417698410754 1.560812559542296
0.6426087469184332 0.0 1.4504863226928608 0.26661739616000735 0.34212800236164076 1.0471933906517292 1.8558636626071816 0.8404966371919568 0.689417698410754 0.20159040421035068 1.1747329002829998 0.26661739616000735 2.0904284812194365 1.4504863226928608 1.0471933906517292 1.8558636626071816 0.7620711817518406 1.1747329002829998 0.6426087469184332 1.8558636626071816
0.8404966371919568 1.4504863226928608 0.0 0.20159040421035068 0.20159040421035068 0.8404966371919568 1.8558636626071816 1.1747329002829998 2.104366793475084 0.7021110255845893 1.0874322787345483 1.560812559542296 0.8404966371919568 0.34212800236164076 1.560812559542296 1.8558636626071816 0.20159040421035068 2.104366793475084 0.8404966371919568 1.560812559542296
1.0471933906517292 0.26661739616000735 0.20159040421035068 0.0 0.20159040421035068 1.4504863226928608 1.8558636626071816 1.6505057022771403 1.5232817702836585 2.104366793475084 0.8404966371919568 1.4504863226928608 1.5232817702836585 0.689417698410754 1.8558636626071816 0.34212800236164076 1.5232817702836585 1.0471933906517292 1.131391053036836 1.8558636626071816
1.0874322787345483 0.34212800236164076 0.20159040421035068 0.20159040421035068 0.0 0.20159040421035068 0.689417698410754 1.9656475817066137 1.0471933906517292 0.7620711817518406 1.4504863226928608 0.8404966371919568 1.1747329002829998 1.8558636626071816 2.104366793475084 2.0904284812194365 2.0904284812194365 1.131391053036836 1.8558636626071816 1.131391053036836
0.689417698410754 1.0471933906517292 0.8404966371919568 1.4504863226928608 0.20159040421035068 0.0 1.4504863226928608 1.0874322787345483 1.0874322787345483 0.34212800236164076 0.20159040421035068 0.6426087469184332 0.7620711817518406 1.560812559542296 1.0874322787345483 0.7021110255845893 0.689417698410754 1.0471933906517292 0.7620711817518406 0.7021110255845893
0.7620711817518406 1.8558636626071816 1.8558636626071816 1.8558636626071816 0.689417698410754 1.4504863226928608 0.0 1.8558636626071816 1.131391053036836 0.8404966371919568 0.689417698410754 0.8404966371919568 1.0874322787345483 0.26661739616000735 1.0874322787345483 0.34212800236164076 2.104366793475084 1.6505057022771403 1.4504863226928608 0.7021110255845893
1.131391053036836 0.8404966371919568 1.1747329002829998 1.6505057022771403 1.9656475817066137 1.0874322787345483 1.8558636626071816 0.0 0.26661739616000735 0.689417698410754 1.6505057022771403 0.6426087469184332 1.0471933906517292 1.8558636626071816 0.34212800236164076 0.689417698410754 0.26661739616000735 0.34212800236164076 0.6426087469184332 1.5232817702836585
0.7021110255845893 0.689417698410754 2.104366793475084 1.5232817702836585 1.0471933906517292 1.0874322787345483 1.131391053036836 0.26661739616000735 0.0 1.131391053036836 1.4504863226928608 1.0874322787345483 0.689417698410754 1.1747329002829998 0.34212800236164076 1.0471933906517292 1.4504863226928608 1.9656475817066137 1.131391053036836 0.6426087469184332
1.8558636626071816 0.20159040421035068 0.7021110255845893 2.104366793475084 0.7620711817518406 0.34212800236164076 0.8404966371919568 0.689417698410754 1.131391053036836 0.0 0.34212800236164076 1.4504863226928608 0.20159040421035068 1.9656475817066137 0.8404966371919568 0.7620711817518406 1.6505057022771403 0.7021110255845893 1.560812559542296 0.7620711817518406
1.0471933906517292 1.1747329002829998 1.0874322787345483 0.8404966371919568 1.4504863226928608 0.20159040421035068 0.689417698410754 1.6505057022771403 1.4504863226928608 0.34212800236164076 0.0 1.0471933906517292 0.8404966371919568 0.20159040421035068 0.7021110255845893 1.0874322787345483 1.131391053036836 2.0904284812194365 1.6505057022771403 0.20159040421035068
1.4504863226928608 0.26661739616000735 1.560812559542296 1.4504863226928608 0.8404966371919568 0.6426087469184332 0.8404966371919568 0.6426087469184332 1.0874322787345483 1.4504863226928608 1.0471933906517292 0.0 0.6426087469184332 0.7021110255845893 0.7021110255845893 0.6426087469184332 1.9656475817066137 1.8558636626071816 0.7620711817518406 1.5232817702836585
1.8558636626071816 2.0904284812194365 0.8404966371919568 1.5232817702836585 1.1747329002829998 0.7620711817518406 1.0874322787345483 1.0471933906517292 0.689417698410754 0.20159040421035068 0.8404966371919568 0.6426087469184332 0.0 1.4504863226928608 0.6426087469184332 1.0874322787345483 0.34212800236164076 0.689417698410754 0.689417698410754 1.0471933906517292
1.0874322787345483 1.4504863226928608 0.34212800236164076 0.689417698410754 1.8558636626071816 1.560812559542296 0.26661739616000735 1.8558636626071816 1.1747329002829998 1.9656475817066137 0.20159040421035068 0.7021110255845893 1.4504863226928608 0.0 1.4504863226928608 1.5232817702836585 1.5232817702836585 0.8404966371919568 0.26661739616000735 1.1747329002829998
1.1747329002829998 1.0471933906517292 1.560812559542296 1.8558636626071816 2.104366793475084 1.0874322787345483 1.0874322787345483 0.34212800236164076 0.34212800236164076 0.8404966371919568 0.7021110255845893 0.7021110255845893 0.6426087469184332 1.4504863226928608 0.0 1.1747329002829998 1.0471933906517292 1.0874322787345483 1.9656475817066137 1.1747329002829998
1.5232817702836585 1.8558636626071816 1.8558636626071816 0.34212800236164076 2.0904284812194365 0.7021110255845893 0.34212800236164076 0.689417698410754 1.0471933906517292 0.7620711817518406 1.0874322787345483 0.6426087469184332 1.0874322787345483 1.5232817702836585 1.1747329002829998 0.0 1.5232817702836585 0.8404966371919568 2.0904284812194365 0.26661739616000735
0.7620711817518406 0.7620711817518406 0.20159040421035068 1.5232817702836585 2.0904284812194365 0.689417698410754 2.104366793475084 0.26661739616000735 1.4504863226928608 1.6505057022771403 1.131391053036836 1.9656475817066137 0.34212800236164076 1.5232817702836585 1.0471933906517292 1.5232817702836585 0.0 1.4504863226928608 1.560812559542296 1.8558636626071816
1.6505057022771403 1.1747329002829998 2.104366793475084 1.0471933906517292 1.131391053036836 1.0471933906517292 1.6505057022771403 0.34212800236164076 1.9656475817066137 0.7021110255845893 2.0904284812194365 1.8558636626071816 0.689417698410754 0.8404966371919568 1.0874322787345483 0.8404966371919568 1.4504863226928608 0.0 1.0471933906517292 0.8404966371919568
0.689417698410754 0.6426087469184332 0.8404966371919568 1.131391053036836 1.8558636626071816 0.7620711817518406 1.4504863226928608 0.6426087469184332 1.131391053036836 1.560812559542296 1.6505057022771403 0.7620711817518406 0.689417698410754 0.26661739616000735 1.9656475817066137 2.0904284812194365 1.560812559542296 1.0471933906517292 0.0 0.7021110255845893
1.560812559542296 1.8558636626071816 1.560812559542296 1.8558636626071816 1.131391053036836 0.7021110255845893 0.7021110255845893 1.5232817702836585 0.6426087469184332 0.7620711817518406 0.20159040421035068 1.5232817702836585 1.0471933906517292 1.1747329002829998 1.1747329002829998 0.26661739616000735 1.8558636626071816 0.8404966371919568 0.7021110255845893 0.0
