16
0.0 1.3762877936343578 1.3188542065657378 0.17452295772492332 1.0505627233908414 1.1566234954480554 2.1399025434386183 1.3084282183173934 0.3026979979186156 0.17452295772492332 0.1962729954224004 1.1566234954480554 1.3762877936343578 1.1566234954480554 1.0505627233908414 1.3762877936343578
1.3762877936343578 0.0 2.1399025434386183 1.3188542065657378 1.8129641872400293 1.1566234954480554 2.1399025434386183 3.3277983267913527 0.9889438038178718 0.1962729954224004 1.1566234954480554 1.0505627233908414 1.1566234954480554 0.17452295772492332 0.17452295772492332 1.8129641872400293
1.3188542065657378 2.1399025434386183 0.0 0.3026979979186156 0.1962729954224004 1.3188542065657378 0.17452295772492332 1.3084282183173934 1.4669064517938 1.3084282183173934 0.17452295772492332 3.3277983267913527 0.1962729954224004 3.3277983267913527 1.0505627233908414 1.8129641872400293
0.17452295772492332 1.3188542065657378 0.3026979979186156 0.0 0.2494816644254405 0.9889438038178718 1.0505627233908414 0.2198633581652576 2.8896709148978257 2.8896709148978257 0.3026979979186156 1.1566234954480554 0.17452295772492332 1.3084282183173934 0.1962729954224004 0.3026979979186156
1.0505627233908414 1.8129641872400293 0.1962729954224004 0.2494816644254405 0.0 1.1566234954480554 2.1399025434386183 0.2198633581652576 0.17452295772492332 2.1399025434386183 1.0505627233908414 0.2494816644254405 1.3084282183173934 1.8129641872400293 2.8896709148978257 1.3188542065657378
1.1566234954480554 1.1566234954480554 1.3188542065657378 0.9889438038178718 1.1566234954480554 0.0 1.1566234954480554 2.1399025434386183 0.3026979979186156 0.17452295772492332 1.0505627233908414 1.0505627233908414 1.4669064517938 0.1962729954224004 1.3084282183173934 0.2198633581652576
2.1399025434386183 2.1399025434386183 0.17452295772492332 1.0505627233908414 2.1399025434386183 1.1566234954480554 0.0 0.2494816644254405 1.3762877936343578 0.17452295772492332 0.9889438038178718 3.3277983267913527 0.3026979979186156 1.3188542065657378 2.1399025434386183 2.8896709148978257
1.3084282183173934 3.3277983267913527 1.3084282183173934 0.2198633581652576 0.2198633581652576 2.1399025434386183 0.2494816644254405 0.0 0.2198633581652576 0.9889438038178718 0.3026979979186156 1.3188542065657378 0.1962729954224004 0.9889438038178718 1.4669064517938 3.3277983267913527
0.3026979979186156 0.9889438038178718 1.4669064517938 2.8896709148978257 0.17452295772492332 0.3026979979186156 1.3762877936343578 0.2198633581652576 0.0 0.17452295772492332 0.17452295772492332 2.8896709148978257 1.8129641872400293 0.17452295772492332 1.4669064517938 0.3026979979186156
0.17452295772492332 0.1962729954224004 1.3084282183173934 2.8896709148978257 2.1399025434386183 0.17452295772492332 0.17452295772492332 0.9889438038178718 0.17452295772492332 0.0 0.9889438038178718 1.3762877936343578 1.3188542065657378 1.1566234954480554 1.3188542065657378 1.1566234954480554
0.1962729954224004 1.1566234954480554 0.17452295772492332 0.3026979979186156 1.0505627233908414 1.0505627233908414 0.9889438038178718 0.3026979979186156 0.17452295772492332 0.9889438038178718 0.0 0.17452295772492332 0.3026979979186156 1.3762877936343578 3.3277983267913527 1.3188542065657378
1.1566234954480554 1.0505627233908414 3.3277983267913527 1.1566234954480554 0.2494816644254405 1.0505627233908414 3.3277983267913527 1.3188542065657378 2.8896709148978257 1.3762877936343578 0.17452295772492332 0.0 0.1962729954224004 1.3188542065657378 1.0505627233908414 0.3026979979186156
1.3762877936343578 1.1566234954480554 0.1962729954224004 0.17452295772492332 1.3084282183173934 1.4669064517938 0.3026979979186156 0.1962729954224004 1.8129641872400293 1.3188542065657378 0.3026979979186156 0.1962729954224004 0.0 1.3084282183173934 0.9889438038178718 0.3026979979186156
1.1566234954480554 0.17452295772492332 3.3277983267913527 1.3084282183173934 1.8129641872400293 0.1962729954224004 1.3188542065657378 0.9889438038178718 0.17452295772492332 1.1566234954480554 1.3762877936343578 1.3188542065657378 1.3084282183173934 0.0 1.0505627233908414 0.1962729954224004
1.0505627233908414 0.17452295772492332 1.0505627233908414 0.1962729954224004 2.8896709148978257 1.3084282183173934 2.1399025434386183 1.4669064517938 1.4669064517938 1.3188542065657378 3.3277983267913527 1.0505627233908414 0.9889438038178718 1.0505627233908414 0.0 1.3188542065657378
1.3762877936343578 1.8129641872400293 1.8129641872400293 0.3026979979186156 1.3188542065657378 0.2198633581652576 2.8896709148978257 3.3277983267913527 0.3026979979186156 1.1566234954480554 1.3188542065657378 0.3026979979186156 0.3026979979186156 0.1962729954224004 1.3188542065657378 0.0
