10
0.0 0.8895624594693455 1.3886566310410728 0.8895624594693455 1.3886566310410728 1.5617720136729645 1.5617720136729645 0.7657228529056349 1.3886566310410728 1.5617720136729645
0.8895624594693455 0.0 1.3886566310410728 0.7657228529056349 0.8895624594693455 0.8895624594693455 1.1927485653079068 0.7657228529056349 1.5617720136729645 0.7657228529056349
1.3886566310410728 1.3886566310410728 0.0 1.3886566310410728 0.7657228529056349 1.3886566310410728 1.1927485653079068 0.7657228529056349 0.7657228529056349 1.5617720136729645
0.8895624594693455 0.7657228529056349 1.3886566310410728 0.0 1.5617720136729645 1.5617720136729645 1.3886566310410728 0.8895624594693455 1.5617720136729645 1.5617720136729645
1.3886566310410728 0.8895624594693455 0.7657228529056349 1.5617720136729645 0.0 1.1927485653079068 1.1927485653079068 0.7657228529056349 0.8895624594693455 0.8895624594693455
1.5617720136729645 0.8895624594693455 1.3886566310410728 1.5617720136729645 1.1927485653079068 0.0 0.8895624594693455 0.7657228529056349 1.1927485653079068 0.7657228529056349
1.5617720136729645 1.1927485653079068 1.1927485653079068 1.3886566310410728 1.1927485653079068 0.8895624594693455 0.0 0.8895624594693455 1.1927485653079068 0.7657228529056349
0.7657228529056349 0.7657228529056349 0.7657228529056349 0.8895624594693455 0.7657228529056349 0.7657228529056349 0.8895624594693455 0.0 1.1927485653079068 0.8895624594693455
1.3886566310410728 1.5617720136729645 0.7657228529056349 1.5617720136729645 0.8895624594693455 1.1927485653079068 1.1927485653079068 1.1927485653079068 0.0 1.5617720136729645
1.5617720136729645 0.7657228529056349 1.5617720136729645 1.5617720136729645 0.8895624594693455 0.7657228529056349 0.7657228529056349 0.8895624594693455 1.5617720136729645 0.0
