10
0.0 4.6067881575842335 12.446201750579348 4.6067881575842335 0.30326195620220986 12.446201750579348 12.554429961907704 4.927162700172614 17.550661528681808 4.6067881575842335
4.6067881575842335 0.0 6.346912922048261 12.554429961907704 11.464633667361792 14.89608414338863 6.346912922048261 6.346912922048261 12.446201750579348 0.30326195620220986
12.446201750579348 6.346912922048261 0.0 4.6067881575842335 4.927162700172614 6.346912922048261 4.6067881575842335 2.307906334263146 4.927162700172614 2.307906334263146
4.6067881575842335 12.554429961907704 4.6067881575842335 0.0 2.307906334263146 14.89608414338863 17.550661528681808 11.464633667361792 17.550661528681808 0.30326195620220986
0.30326195620220986 11.464633667361792 4.927162700172614 2.307906334263146 0.0 2.307906334263146 4.6067881575842335 2.307906334263146 14.89608414338863 2.307906334263146
12.446201750579348 14.89608414338863 6.346912922048261 14.89608414338863 2.307906334263146 0.0 11.464633667361792 12.446201750579348 0.30326195620220986 0.30326195620220986
12.554429961907704 6.346912922048261 4.6067881575842335 17.550661528681808 4.6067881575842335 11.464633667361792 0.0 11.464633667361792 4.6067881575842335 14.89608414338863
4.927162700172614 6.346912922048261 2.307906334263146 11.464633667361792 2.307906334263146 12.446201750579348 11.464633667361792 0.0 0.30326195620220986 12.446201750579348
17.550661528681808 12.446201750579348 4.927162700172614 17.550661528681808 14.89608414338863 0.30326195620220986 4.6067881575842335 0.30326195620220986 0.0 14.89608414338863
4.6067881575842335 0.30326195620220986 2.307906334263146 0.30326195620220986 2.307906334263146 0.30326195620220986 14.89608414338863 12.446201750579348 14.89608414338863 0.0
